filename,head_movement,feature_lengths,flicker,blink,lip_movement_variance,ssim,psnr,pulse,fake
b-08.mp4,"[-1.275141954421997, -1.8973103761672974, -0.470869243144989, -0.38362622261047363, 1.4545074701309204, 0.8499232530593872, 1.0612969398498535, 0.5981976985931396, 0.2330060601234436, -0.1699836403131485, 1.4171136617660522, 1.4171136617660522, -1.3431353569030762, -1.7302590608596802, -0.5005443692207336, -0.057000938802957535, 0.7591688632965088, -0.093997523188591, 0.4769580662250519, -0.3454170525074005, -1.4915716648101807, -1.9184305667877197, 0.2544684112071991, 1.3400908708572388, 0.3918115198612213, 0.3918115198612213, -0.721072256565094, 0.08320716768503189, 0.7782065272331238, 0.8914784789085388, 1.956936240196228, 1.8584469556808472, -1.157472848892212, 0.03635481745004654, -0.5751934051513672, -0.3263377249240875, -0.5751934051513672, -0.5751934051513672, -0.5084788799285889, -0.13386830687522888, -1.0131703615188599, -1.4067866802215576, 0.4144025444984436, 0.02128569595515728, 1.622009038925171, 1.2249767780303955, 0.4185411036014557, -1.5723146200180054, 0.12243825197219849, 0.16861820220947266]","[45.0, 5.0, 5.0, 50.0, 50.0, 45.0, 45.0]","[-0.7271178364753723, 1.650829792022705, -0.6909393668174744, -0.08009760081768036, -0.7019655108451843, 1.8454374074935913, -0.7889553904533386, 0.29992949962615967, -0.8071211576461792, -0.8128409385681152, 0.1712571084499359, -0.8540476560592651, 0.27624690532684326, -0.8451125621795654, 2.012465000152588, -0.6695094704627991, 1.368606686592102, -0.6470649838447571, -0.8562141060829163, 1.0637966394424438, -0.6521617770195007, 1.4610857963562012, -0.939636766910553, 0.05475549027323723, -0.9359617829322815, 1.5179030895233154, -0.7135667204856873, -0.801773190498352, 1.4890557527542114, -0.3703308403491974, 0.9635595679283142, -0.8653201460838318, -0.4430033564567566, -0.8274027109146118, 1.6683650016784668, -0.8131499886512756, -1.2663154602050781, 1.1797945499420166, -0.9753758311271667, 1.2794239521026611, -0.8860834240913391, 0.5411112904548645, -0.7458055019378662, 1.273521900177002, -0.4002714455127716]","[6.0, 0.0, 1.0, 1.0, 2.0]","[1.1111111640930176, 0.753778338432312, 0.952769935131073, 0.8244428038597107, 1.050813913345337]","[0.6708920001983643, -1.3536854982376099, 0.9482203722000122, -0.31967154145240784, 0.5264193415641785, -1.548044204711914, 1.0265922546386719, -0.9722223877906799, 1.021499514579773, 0.9662647843360901, -0.7001777291297913, 1.1160751581192017, -0.7540655136108398, 1.0530667304992676, -1.336405873298645, 0.47791388630867004, -1.4837440252304077, 0.6610724925994873, 0.9021164774894714, -1.0314810276031494, 0.6464898586273193, -1.4390817880630493, 0.9978481531143188, -0.34783005714416504, 0.981246829032898, -1.4275559186935425, 0.7182474732398987, 0.8754497170448303, -1.1889936923980713, 0.4086751341819763, -1.2556657791137695, 0.9761350750923157, -0.011997266672551632, 0.8703804612159729, -1.5896883010864258, 0.9157047271728516, 1.4460794925689697, -1.1653709411621094, 0.9141828417778015, -0.768776535987854, 0.8921937346458435, -1.1113451719284058, 0.6136411428451538, -1.2408647537231445, 0.4202602207660675]","[0.7573672533035278, -1.2610070705413818, 0.7214522361755371, -0.6064202785491943, 0.3304159939289093, -1.4636505842208862, 1.4324322938919067, -0.8610293865203857, 0.9504395723342896, 0.7802414298057556, -0.5542280673980713, 1.7170668840408325, -0.7129930853843689, 1.206225872039795, -1.1793099641799927, -0.003827143693342805, -1.332415223121643, 0.07923933118581772, 0.7703490257263184, -1.0281933546066284, 0.4246341586112976, -1.1973674297332764, 1.4222310781478882, -0.4860067367553711, 1.327188491821289, -1.307454228401184, 0.07461901009082794, 0.5367945432662964, -1.001721978187561, -0.4760935306549072, -0.9594935774803162, 1.9110183715820312, -0.4819301664829254, 0.8794822692871094, -1.1579985618591309, 0.7499425411224365, 2.6100451946258545, -0.6966771483421326, 0.20963118970394135, -0.6411612033843994, 0.32121872901916504, -0.7004207968711853, -0.07465409487485886, -0.7584851384162903, -0.26949673891067505]","[19.175199508666992, 19.172800064086914, 19.81399917602539, 19.86680030822754, 19.306800842285156, 19.65559959411621, 18.508399963378906, 18.496400833129883, 17.72480010986328, 17.72480010986328, 17.20560073852539, 17.212799072265625, 17.17919921875, 17.17919921875, 16.962400436401367, 16.962400436401367, 17.168399810791016, 17.188800811767578, 19.09119987487793, 19.327600479125977, 19.605600357055664, 19.605600357055664, 19.201200485229492, 19.18280029296875, 19.076400756835938, 19.076400756835938, 19.02079963684082, 19.011199951171875, 19.25480079650879, 19.304000854492188, 19.09480094909668, 19.11240005493164, 19.8843994140625, 19.925199508666992, 20.449199676513672, 20.449199676513672, 20.47279930114746, 20.47279930114746, 19.06879997253418, 19.06879997253418, 19.423999786376953, 19.423999786376953, 19.2544002532959, 19.2544002532959, 19.215999603271484, 19.20199966430664, 19.427600860595703, 19.427600860595703, 19.674400329589844, 19.668399810791016]",0
b-09.mp4,"[-0.2860707938671112, -0.2860707938671112, -1.64096200466156, -1.2897862195968628, 1.400508999824524, 1.436455249786377, 0.41921308636665344, 0.7720041871070862, 0.2596076726913452, -0.7848994135856628, 0.33710813522338867, 0.33710813522338867, -2.1178722381591797, -1.7520755529403687, 0.6797446608543396, 0.24808280169963837, 0.03217196464538574, 0.6116642951965332, 0.8120339512825012, 0.8120339512825012, -0.1662556529045105, -0.7777365446090698, 0.15399473905563354, -0.27784910798072815, 1.6161994934082031, 1.0206375122070312, 0.7142231464385986, 0.7142231464385986, -1.722577691078186, -1.2748589515686035, 0.36728647351264954, -0.08803144842386246, -1.0220425128936768, -1.0220425128936768, -0.33635005354881287, -0.7875044345855713, 1.5800508260726929, 2.031611919403076, -0.08803144842386246, -0.6349469423294067, 0.2385690063238144, 0.12943197786808014, 0.5892071723937988, 0.6136977076530457, 0.9426512122154236, 1.220706582069397, -0.04236431419849396, -0.04236431419849396, -2.1082143783569336, -1.5413206815719604]","[45.0, 5.0, 5.0, 50.0, 50.0, 45.0, 45.0]","[-0.7352153658866882, -0.06433255225419998, -0.8699567914009094, 0.6209920644760132, -0.5945339798927307, 2.238957166671753, -0.864497721195221, 0.8968673348426819, -0.6282802224159241, -0.8267152309417725, 0.87485271692276, -0.7308087348937988, 0.4131677746772766, -0.8196260929107666, 2.1906418800354004, -0.762652575969696, 0.43746209144592285, -0.7763216495513916, -0.8323561549186707, 1.1770528554916382, -0.8464648723602295, 1.162439227104187, -0.8293554782867432, 1.4874824285507202, -0.9102569818496704, 0.5173620581626892, -0.9259030818939209, -0.7473165392875671, 1.2720290422439575, -0.771146833896637, 1.9865525960922241, -0.8478092551231384, 0.37529122829437256, -0.9027806520462036, 0.3377910256385803, -0.7026105523109436, -0.8456377983093262, -0.5313519239425659, -0.8543057441711426, 0.3535149395465851, -0.7901347875595093, 1.2691630125045776, -0.6700159311294556, 2.1123082637786865, -0.04354004189372063]","[2.0, 0.0, 0.0, 0.0, 4.0]","[0.8395662903785706, 1.061976671218872, 0.8281733393669128, 0.6208269000053406, 0.9274777770042419]","[0.9224829077720642, -0.5719733834266663, 1.0975418090820312, -0.6668154001235962, 0.5873912572860718, -1.7178938388824463, 1.1031826734542847, -1.2061855792999268, 0.4522695541381836, 0.968330442905426, -1.3681058883666992, 0.7422641515731812, -0.6934765577316284, 0.9373811483383179, -1.0467191934585571, 0.8802363276481628, -1.287330150604248, 0.8674197793006897, 0.8301467895507812, -0.9151572585105896, 0.8183614611625671, -1.3918513059616089, 0.8509217500686646, -1.465628743171692, 0.9158594608306885, -0.5601073503494263, 0.9174550771713257, 0.7772334814071655, -1.3941590785980225, 0.827307403087616, -1.7701454162597656, 0.8647580146789551, -0.35828056931495667, 0.8868045806884766, -0.6088301539421082, 0.7753117680549622, 0.9626632928848267, 0.35254207253456116, 0.9778183698654175, -0.7899998426437378, 0.9094771146774292, -1.5770411491394043, 0.521003007888794, -1.643404483795166, 0.2869415283203125]","[0.6902878880500793, -0.7858917117118835, 1.3630082607269287, -0.7833078503608704, 0.09364970773458481, -1.2290297746658325, 1.691307544708252, -1.0269062519073486, -0.013117856346070766, 0.89915931224823, -1.199730634689331, 0.4387769401073456, -0.7583767771720886, 0.9724359512329102, -1.102036714553833, 0.9065586924552917, -1.3011448383331299, 1.1443580389022827, 0.568333625793457, -0.9864363670349121, 0.2483104020357132, -1.1899970769882202, 0.689066469669342, -1.2304003238677979, 1.2511446475982666, -0.784265398979187, 1.434244155883789, 0.43556898832321167, -1.2045704126358032, 0.6679293513298035, -1.3253902196884155, 1.2018494606018066, -0.7652694582939148, 1.4783762693405151, -0.8851494789123535, 0.39665547013282776, 1.2835551500320435, 0.10153751075267792, 1.3041633367538452, -1.065812349319458, 1.0713717937469482, -1.2494308948516846, 0.20883798599243164, -1.265645146369934, -0.38857728242874146]","[98.83679962158203, 99.51080322265625, 97.47720336914062, 96.9020004272461, 93.8927993774414, 93.79720306396484, 99.53079986572266, 99.82360076904297, 96.216796875, 96.2040023803711, 94.69280242919922, 94.69280242919922, 99.76640319824219, 99.7959976196289, 96.17639923095703, 96.17639923095703, 93.75759887695312, 93.80120086669922, 100.08080291748047, 99.73280334472656, 95.7251968383789, 95.4468002319336, 94.69000244140625, 94.80079650878906, 102.93840026855469, 102.92400360107422, 97.88480377197266, 97.8947982788086, 97.46440124511719, 97.46440124511719, 103.42320251464844, 103.55000305175781, 97.78759765625, 97.52839660644531, 97.26599884033203, 97.17720031738281, 103.12680053710938, 103.12680053710938, 97.0072021484375, 97.0031967163086, 97.91639709472656, 98.05039978027344, 102.54080200195312, 102.02880096435547, 96.339599609375, 96.32720184326172, 98.36319732666016, 98.5436019897461, 101.62319946289062, 101.03880310058594]",0
t-09.mp4,"[0.532686173915863, 0.532686173915863, 0.4476979374885559, 0.5128576159477234, 0.532686173915863, 0.532686173915863, -1.998464584350586, -1.998464584350586, 0.4096723794937134, 0.49595651030540466, 0.8971468210220337, 0.33310556411743164, 1.4432865381240845, 1.4432865381240845, 0.33310556411743164, -0.18374823033809662, -1.3733402490615845, -1.219515323638916, -0.8366636633872986, -0.8366636633872986, 0.556175947189331, 0.3304426670074463, -2.9700934886932373, 0.24480576813220978, 0.10541950911283493, 0.08156955987215042, 0.4040844440460205, 0.4040844440460205, 0.4217555522918701, 0.4217555522918701, 0.6653645634651184, -1.5268412828445435, -1.5268412828445435, -1.5268412828445435, 0.626331090927124, 0.5999107956886292, 0.6433318257331848, 0.6433318257331848, 0.6859009265899658, 0.7163529396057129, -0.7497631907463074, -1.1939756870269775, -0.9193764328956604, -1.0050363540649414, -0.688636064529419, -0.19493114948272705, 1.1879297494888306, 1.1879297494888306, 1.1879297494888306, 1.1879297494888306]","[45.0, 5.0, 5.0, 50.0, 50.0, 45.0, 45.0]","[-0.3087025582790375, 1.8230574131011963, -0.8340709209442139, 0.7159693837165833, -1.0924596786499023, 1.2594002485275269, -1.0987162590026855, 0.1407719999551773, -0.6052495241165161, -0.6982844471931458, 1.7190380096435547, 0.7123892903327942, 0.5732243657112122, -0.5706480145454407, 1.1855027675628662, -1.096136212348938, -0.664366602897644, -1.1607191562652588, -0.9602876305580139, 1.1000044345855713, -0.5775863528251648, 1.4467631578445435, -1.1052837371826172, 1.2358189821243286, -0.735049307346344, 0.5292977690696716, -0.9336774945259094, -0.37484073638916016, 1.3531421422958374, -0.6157150268554688, 1.4375948905944824, -1.0108739137649536, -0.23635967075824738, -1.409974217414856, 1.186705231666565, -0.3296787440776825, -0.4235236644744873, 1.2313971519470215, -1.0798369646072388, 0.03198906034231186, -0.4732927083969116, 1.2020630836486816, -0.9572983384132385, 1.5461369752883911, -1.077634572982788]","[8.0, 10.0, 9.0, 7.0, 7.0]","[0.5243788361549377, 0.8985956311225891, 0.6149342060089111, 1.1907241344451904, 0.6643867492675781]","[0.3695838749408722, -1.652903437614441, 0.8129141330718994, -0.9499415755271912, 1.117555022239685, -1.2124077081680298, 1.2057667970657349, -0.26211079955101013, 0.5715436935424805, 0.734184741973877, -1.6460188627243042, -0.4184313714504242, -0.7545963525772095, 0.6451886296272278, -1.3689584732055664, 1.0338549613952637, 0.6963300108909607, 1.078446626663208, 0.9045847058296204, -1.8726749420166016, 0.5057480335235596, -0.43080610036849976, 1.1203911304473877, -0.7964460253715515, 0.7124989628791809, -1.027136206626892, 0.8838404417037964, 0.11870817840099335, -1.6207871437072754, 0.8448696136474609, -0.6538581848144531, 0.8873080611228943, 0.04052599146962166, 1.360079050064087, -1.5135412216186523, 0.536695659160614, 0.41195565462112427, -1.205216407775879, 1.1503688097000122, -0.27411597967147827, 0.451759934425354, -1.3648440837860107, 0.9783828854560852, -1.2874350547790527, 1.1391441822052002]","[-0.1466875523328781, -1.1586724519729614, 0.33789482712745667, -0.8298812508583069, 1.4970778226852417, -1.0041728019714355, 1.815865397453308, -0.5344012975692749, 0.022977376356720924, 0.12263801693916321, -1.0807335376739502, -0.6279379725456238, -0.8747853636741638, 0.11895409226417542, -1.1420433521270752, 1.2872437238693237, 0.3016696274280548, 1.894994854927063, 0.702830970287323, -1.1276696920394897, -0.12663300335407257, -0.9281342029571533, 2.121164083480835, -0.6899910569190979, 0.26045480370521545, -0.9094979763031006, 0.6974761486053467, 0.20795859396457672, -0.9546655416488647, 0.288221538066864, -0.86549973487854, 2.1842076778411865, -0.6647279262542725, 0.9574899673461914, -1.0342614650726318, -0.11872316896915436, -0.20026734471321106, -0.8936755657196045, 1.800974726676941, -0.3646695017814636, -0.20178696513175964, -1.1912684440612793, 0.6615332961082458, -0.9910752177238464, 1.380234956741333]","[57.61159896850586, 57.75920104980469, 57.27439880371094, 57.29159927368164, 56.88079833984375, 56.88079833984375, 56.672000885009766, 56.672000885009766, 56.85279846191406, 56.90119934082031, 56.97999954223633, 57.02159881591797, 57.20719909667969, 56.918399810791016, 57.27840042114258, 57.27840042114258, 56.53919982910156, 56.53919982910156, 56.53879928588867, 56.44200134277344, 56.398399353027344, 56.398399353027344, 56.34280014038086, 56.34280014038086, 56.339599609375, 56.339599609375, 56.54719924926758, 56.54719924926758, 56.86600112915039, 56.86600112915039, 56.81159973144531, 56.81159973144531, 57.171199798583984, 57.171199798583984, 57.171199798583984, 57.167198181152344, 57.167198181152344, 57.167198181152344, 56.99639892578125, 56.99760055541992, 56.988800048828125, 56.988800048828125, 56.741600036621094, 56.741600036621094, 56.761199951171875, 56.761199951171875, 56.761199951171875, 56.761199951171875, 56.70640182495117, 56.697200775146484]",0
t-08.mp4,"[-0.8148675560951233, -0.8148675560951233, -0.8148675560951233, -0.8148675560951233, 1.3825289011001587, 1.2298609018325806, 1.143755555152893, 1.1330598592758179, -0.8148675560951233, -0.8148675560951233, -1.2230812311172485, -1.2230812311172485, -1.2230812311172485, -1.2230812311172485, 0.6937859058380127, 0.7918351888656616, 0.8408642411231995, 0.7900406718254089, 0.8881847262382507, 0.8876140713691711, -1.6501085758209229, -1.6501085758209229, 1.125059723854065, 1.125059723854065, -0.0717039480805397, -0.1481490433216095, 1.247000813484192, 0.5493512153625488, -0.2503918707370758, -0.2760094106197357, 0.3121798634529114, -2.960813522338867, 0.5336149334907532, 0.608589231967926, 0.06868012994527817, 0.07364244759082794, 0.30573785305023193, 0.3786202669143677, 0.3786202669143677, 0.301128625869751, -0.18387915194034576, -0.4955211281776428, -0.13835255801677704, -0.44886335730552673, -1.0329577922821045, -1.0329577922821045, 2.325711965560913, 1.3745781183242798, -0.18387915194034576, -0.18387915194034576]","[45.0, 5.0, 5.0, 50.0, 50.0, 45.0, 45.0]","[-1.0070769786834717, 0.8262362480163574, -1.1237629652023315, 1.0032109022140503, -0.32583075761795044, 1.6513316631317139, -0.9090250730514526, 0.7694542407989502, -0.8845371007919312, -0.82045578956604, 1.1232702732086182, -0.8315101861953735, 2.012047529220581, -0.8488685488700867, -0.11835719645023346, -0.44909796118736267, 0.7992076277732849, -0.866235613822937, -0.7927344441413879, 0.9388731122016907, -0.5186505317687988, 1.2993735074996948, -0.9541544914245605, 0.21866552531719208, -1.0085680484771729, 1.6781212091445923, -0.8609259724617004, -0.61799556016922, 1.2175915241241455, -0.5381947159767151, 0.9185482859611511, -0.8321020603179932, -0.2931349277496338, -0.9508332014083862, 1.9116990566253662, -0.8155786395072937, -0.7178390622138977, 1.4336252212524414, -0.7715307474136353, 0.12151680141687393, -0.9370819926261902, 0.7095840573310852, -0.5905452370643616, 1.7556403875350952, -1.0033695697784424]","[0.0, 3.0, 4.0, 2.0, 0.0]","[1.0886621475219727, 1.3118596076965332, 0.8547008633613586, 0.9435641765594482, 0.785068690776825]","[1.0205986499786377, -0.9507251977920532, 1.117745041847229, -1.3485960960388184, 0.25107505917549133, -1.3151943683624268, 0.9626097679138184, -0.653801679611206, 0.9162888526916504, 0.841676652431488, -1.2892427444458008, 0.9238573908805847, -1.8521943092346191, 0.9074328541755676, -0.018308384343981743, 0.4415041208267212, -0.7914810180664062, 0.8367554545402527, 0.80632084608078, -0.935359537601471, 0.6434551477432251, -1.1374067068099976, 0.9451290965080261, -0.5852403044700623, 0.9982543587684631, -1.6452127695083618, 0.9100598096847534, 0.5318856835365295, -1.720503807067871, 0.5703923106193542, -1.1252985000610352, 0.8476026654243469, 0.17978188395500183, 1.0256696939468384, -1.23055899143219, 0.9210290908813477, 0.8749871850013733, -1.4585800170898438, 0.7782836556434631, -0.2735757529735565, 0.9799059629440308, -0.882222592830658, 0.5823262929916382, -1.5591450929641724, 0.9580203294754028]","[1.3230831623077393, -0.9179443717002869, 1.7861425876617432, -0.8963542580604553, -0.3185836672782898, -1.1436349153518677, 0.3741810619831085, -0.7523913383483887, 0.5455017685890198, 1.1513032913208008, -1.1472796201705933, 1.041784405708313, -1.6430463790893555, 1.2721518278121948, -0.13975165784358978, -0.18056027591228485, -0.8253595232963562, 0.4707579016685486, 0.6684289574623108, -0.8794059157371521, 0.16996745765209198, -1.2007200717926025, 1.1187158823013306, -0.6466897130012512, 1.6341792345046997, -1.3253494501113892, 0.460873544216156, -0.032259464263916016, -1.344443917274475, 0.43201372027397156, -1.156639814376831, 1.1893938779830933, -0.23655039072036743, 1.3372044563293457, -1.1876206398010254, 0.9989023804664612, 0.7154523730278015, -1.2404873371124268, 0.5017956495285034, -0.5922518372535706, 1.222861886024475, -0.9233948588371277, 0.42803290486335754, -1.4360811710357666, 1.3240723609924316]","[72.90799713134766, 72.90280151367188, 72.57160186767578, 72.5696029663086, 72.56999969482422, 72.7936019897461, 73.08760070800781, 73.00279998779297, 72.62960052490234, 72.75679779052734, 72.72760009765625, 72.7511978149414, 72.84320068359375, 72.85320281982422, 73.05480194091797, 72.9823989868164, 72.93399810791016, 72.93360137939453, 73.26399993896484, 73.3051986694336, 73.26319885253906, 73.40280151367188, 73.04280090332031, 73.12960052490234, 73.10079956054688, 73.08519744873047, 73.58319854736328, 73.70320129394531, 72.66320037841797, 72.78199768066406, 72.85919952392578, 72.85919952392578, 72.79199981689453, 72.79319763183594, 73.21720123291016, 73.14520263671875, 73.12480163574219, 72.8843994140625, 72.76080322265625, 72.81559753417969, 73.05879974365234, 73.08679962158203, 72.98040008544922, 72.92520141601562, 72.90760040283203, 72.85600280761719, 72.63960266113281, 72.5271987915039, 72.63159942626953, 72.74839782714844]",0
b-15.mp4,"[0.0, 0.0, 0.0, 0.0, 0.0, 0.0, 0.0, 0.0, 0.0, 0.0, -0.999549388885498, -0.999549388885498, 1.0674047470092773, -0.999549388885498, 0.9653744101524353, 0.9676303267478943, 1.0319632291793823, 0.9653744101524353, -0.999549388885498, -0.999549388885498, 1.2582502365112305, 1.6962084770202637, -0.05557893589138985, -0.05557893589138985, 0.42611369490623474, 0.40059730410575867, -1.3224577903747559, -1.787333369255066, -0.06671516597270966, -0.4935055077075958, 0.5651466250419617, 0.6036955714225769, 0.4329373836517334, 0.5569566488265991, -1.9873920679092407, 0.3540399372577667, 0.6036955714225769, 0.6036955714225769, 0.25461700558662415, -1.9873920679092407, 0.23665882647037506, 0.24493341147899628, 0.35581400990486145, 0.3478141129016876, 0.3852955102920532, 0.27878469228744507, 0.49306708574295044, -2.9926116466522217, 0.32512202858924866, 0.32512202858924866]","[45.0, 5.0, 5.0, 50.0, 50.0, 45.0, 45.0]","[-0.8217584490776062, 2.055525064468384, -0.723845362663269, 0.81935054063797, -0.838961660861969, 0.5947928428649902, -0.8276178240776062, 0.6224252581596375, -0.8799105286598206, -0.623846173286438, 2.2849361896514893, -0.7125755548477173, 0.3316298723220825, -0.7826152443885803, 0.4247898757457733, -0.8476101160049438, 0.7557324767112732, -0.8304412961006165, -0.9378138184547424, 1.3831888437271118, -0.9167954325675964, 0.4029603898525238, -0.888157069683075, 1.1607115268707275, -0.7710937857627869, 1.3589061498641968, -0.791907012462616, -0.8630719780921936, 1.0453753471374512, -0.7968015074729919, 1.315488576889038, -0.7833775877952576, -0.03994248807430267, -0.884512722492218, 1.705999732017517, -0.6991572380065918, -0.5161194205284119, 0.372437059879303, -0.5606086850166321, 2.6851747035980225, -0.5556639432907104, -0.11832481622695923, -0.5883507132530212, -0.0915098562836647, -0.6270344257354736]","[0.0, 1.0, 0.0, 0.0, 0.0]","[0.0, 1.25, 0.735090434551239, 0.8678016066551208, 1.0252376794815063]","[0.9001384973526001, -1.4031126499176025, 0.7326614856719971, -1.1333497762680054, 0.9006751179695129, -1.080741047859192, 0.9086244106292725, -0.8011564612388611, 0.9762603044509888, 0.8497471213340759, -1.6698884963989258, 0.6933826208114624, -0.7965426445007324, 0.8728802800178528, -0.8719655275344849, 0.9704232215881348, -1.0010095834732056, 0.9529728889465332, 0.8556692600250244, -0.9930383563041687, 0.8407097458839417, -0.048408180475234985, 0.8017856478691101, -1.539025068283081, 0.7776415348052979, -1.5127078294754028, 0.8173732757568359, 0.8703016042709351, -1.3245059251785278, 0.8430140018463135, -1.3168284893035889, 0.8226721882820129, -0.03198609501123428, 0.8778029084205627, -1.4475120306015015, 0.7070417404174805, 0.6280294060707092, -0.5703659057617188, 0.6646183133125305, -2.509448766708374, 0.6802845001220703, 0.021721579134464264, 0.661390483379364, -0.3128643035888672, 0.7366347908973694]","[1.0498965978622437, -1.2680845260620117, 0.24734486639499664, -1.1159086227416992, 0.5854407548904419, -1.0310007333755493, 1.0404393672943115, -0.8435729146003723, 1.3354452848434448, -0.06199660152196884, -1.3655987977981567, 0.4630877375602722, -0.8116946220397949, 0.8560994267463684, -0.868837833404541, 1.4741030931472778, -0.9712244868278503, 1.2860620021820068, 1.4079947471618652, -1.1936078071594238, 1.0983566045761108, -0.7544271945953369, 0.46135345101356506, -1.0651006698608398, 0.6442514061927795, -1.2678276300430298, 0.6690070629119873, 1.1476376056671143, -1.1373424530029297, 0.7482315897941589, -1.2299448251724243, 0.9013981223106384, -0.6000311970710754, 1.3793538808822632, -1.1098175048828125, -0.09948516637086868, 0.3563895523548126, -1.035851001739502, 0.7277294397354126, -1.7334598302841187, 0.6929201483726501, -0.5917153358459473, 1.0173757076263428, -0.774919867515564, 1.3415313959121704]","[170.48599243164062, 170.48719787597656, 170.60800170898438, 170.6060028076172, 170.89840698242188, 170.89840698242188, 171.38040161132812, 171.37319946289062, 171.3612060546875, 171.3612060546875, 171.4835968017578, 171.4835968017578, 171.29640197753906, 171.29640197753906, 171.3656005859375, 171.3656005859375, 171.42080688476562, 171.42080688476562, 171.46080017089844, 171.4604034423828, 171.38040161132812, 171.38040161132812, 171.6295928955078, 171.5915985107422, 171.62399291992188, 171.62399291992188, 171.51199340820312, 171.51199340820312, 171.5303955078125, 171.5303955078125, 171.52560424804688, 171.52560424804688, 171.6291961669922, 171.6291961669922, 172.1748046875, 172.1748046875, 171.94760131835938, 171.94760131835938, 172.17520141601562, 172.21560668945312, 172.2823944091797, 172.2823944091797, 172.23599243164062, 172.306396484375, 172.36000061035156, 172.36000061035156, 172.19679260253906, 172.1667938232422, 172.2624053955078, 172.2624053955078]",0
b-01.mp4,"[-1.4087949991226196, -1.4087949991226196, 1.1509382724761963, 0.39567020535469055, -0.7027586102485657, -1.0688538551330566, 0.39567020535469055, 0.39567020535469055, 0.9441323280334473, 1.3071211576461792, -0.9311246871948242, -1.6701884269714355, 0.2645862400531769, -0.7057125568389893, 0.9983660578727722, 1.7333742380142212, 0.2645862400531769, 0.2645862400531769, 0.7880489826202393, -1.0065224170684814, 1.5484482049942017, 1.6065818071365356, -0.6540806889533997, -0.6540806889533997, -0.6540806889533997, -0.6540806889533997, -0.6540806889533997, -0.6540806889533997, -0.6540806889533997, 1.4235349893569946, -2.0484161376953125, -0.1967880129814148, 1.2058181762695312, 1.2058181762695312, -0.6799670457839966, -1.150090217590332, 0.11395148187875748, 0.11395148187875748, 0.8061476349830627, 0.6295744180679321, -0.4952918589115143, -0.4952918589115143, -0.38244813680648804, 0.8580644130706787, 2.1936357021331787, 0.5029245615005493, -1.362355351448059, -1.2663573026657104, 0.1901734620332718, 0.256946325302124]","[45.0, 5.0, 5.0, 50.0, 50.0, 45.0, 45.0]","[-0.8112826347351074, 1.4683659076690674, -0.5770520567893982, 0.020596513524651527, -0.7797296047210693, -0.1707698553800583, -0.7992955446243286, 2.092735528945923, -0.44356831908226013, -0.9860843420028687, 1.4003955125808716, -1.0104548931121826, 0.9442618489265442, -0.9202499985694885, 1.1351815462112427, -0.9515476822853088, 0.914483368396759, -0.5259853005409241, -0.6250035166740417, 1.3296798467636108, -0.5950865149497986, 2.2302286624908447, -0.6807741522789001, 0.07833399623632431, -0.6189624667167664, -0.4266488552093506, -0.6917667984962463, -0.8683891892433167, 1.3071292638778687, -0.6392021775245667, 0.5671897530555725, -0.9540876150131226, 0.7875596284866333, -0.8898925185203552, 1.618963599205017, -0.9292708039283752, -0.6131645441055298, 2.5922646522521973, -0.6097869277000427, 0.3327946364879608, -0.644260823726654, -0.1389751434326172, -0.6462068557739258, 0.3796418011188507, -0.6523066163063049]","[0.0, 8.0, 1.0, 2.0, 0.0]","[1.0830607414245605, 0.6550070643424988, 1.0606601238250732, 0.7070707082748413, 0.8649988174438477]","[0.807566225528717, -1.7976031303405762, 0.6214500665664673, -0.11206162720918655, 0.7868760228157043, 0.16239868104457855, 0.8132011890411377, -1.7787444591522217, 0.49691706895828247, 0.9750012755393982, -1.362015962600708, 0.9822003245353699, -1.0367096662521362, 0.9248668551445007, -0.9238494038581848, 0.9768018126487732, -1.0891152620315552, 0.5528201460838318, 0.7121381759643555, -1.7641375064849854, 0.5392256379127502, -1.3229691982269287, 1.0133862495422363, -0.772319495677948, 0.7486616969108582, -0.20860695838928223, 1.0546213388442993, 0.6761531829833984, -1.4070135354995728, 0.8076878786087036, -0.6409727931022644, 1.1036152839660645, -1.078292965888977, 0.803692638874054, -1.2365728616714478, 0.9717032313346863, 0.8075149655342102, -1.633437991142273, 0.7842969298362732, -1.075857162475586, 0.9164614081382751, -0.7528362274169922, 0.9141771197319031, -0.8923103213310242, 0.9319913983345032]","[1.2594845294952393, -1.3678288459777832, 0.11640683561563492, -0.6495067477226257, 1.014587163925171, -0.45743539929389954, 1.4314029216766357, -1.3489928245544434, 0.0018824107246473432, 0.9102391600608826, -1.1997430324554443, 1.1347695589065552, -1.0518063306808472, 0.9428778886795044, -0.9970889091491699, 1.139140009880066, -1.060263752937317, 0.18187545239925385, 0.3577417731285095, -1.3625091314315796, 0.18825514614582062, -1.219605803489685, 1.3002636432647705, -0.7821489572525024, 0.5363271832466125, -0.6093385815620422, 1.5910148620605469, 0.515876054763794, -1.2178497314453125, 0.4945228695869446, -0.8106541037559509, 1.414975881576538, -1.07102632522583, 0.8036357760429382, -1.1929099559783936, 1.0634294748306274, 0.6684192419052124, -1.425754427909851, 0.6491565704345703, -1.0942541360855103, 1.0131981372833252, -0.8122613430023193, 1.1438883543014526, -1.0450252294540405, 0.9026329517364502]","[84.8595962524414, 84.8595962524414, 84.8595962524414, 84.8595962524414, 84.8595962524414, 84.8595962524414, 84.8595962524414, 84.8595962524414, 84.8595962524414, 84.8595962524414, 84.8595962524414, 84.8595962524414, 85.02159881591797, 85.02159881591797, 85.02159881591797, 85.02159881591797, 85.02159881591797, 85.02159881591797, 85.02159881591797, 85.02159881591797, 85.02159881591797, 85.02159881591797, 85.02159881591797, 85.02159881591797, 84.90599822998047, 84.90599822998047, 84.90599822998047, 84.90599822998047, 84.90599822998047, 84.90599822998047, 84.90599822998047, 84.90599822998047, 84.90599822998047, 84.90599822998047, 84.90599822998047, 84.90599822998047, 84.9260025024414, 84.9260025024414, 84.9260025024414, 84.9260025024414, 84.9260025024414, 84.9260025024414, 84.9260025024414, 84.9260025024414, 84.9260025024414, 84.9260025024414, 84.8239974975586, 84.8239974975586, 84.8239974975586, 84.8239974975586]",1
t-05.mp4,"[0.5599150657653809, 0.5665221810340881, -1.9937349557876587, -1.9937349557876587, 0.4778863787651062, 0.4029292166233063, 0.638106107711792, 0.5546170473098755, 0.39586982131004333, 0.3916241526603699, 0.33818525075912476, 0.4149658679962158, 0.40876492857933044, -1.9878959655761719, -1.9878959655761719, 0.40876492857933044, 0.6397807002067566, 0.7168025970458984, 0.5627666115760803, 0.4857610762119293, -0.9993686676025391, -0.9993686676025391, 0.9757915735244751, 1.0998221635818481, -0.9993686676025391, 0.9757915735244751, -0.9993686676025391, -0.9993686676025391, 0.9727189540863037, 0.9727189540863037, 0.6212934851646423, 0.6177006959915161, 0.45951423048973083, 0.45823824405670166, 0.3791063725948334, 0.45823824405670166, -1.9948498010635376, -1.9948498010635376, 0.5373701453208923, 0.45823824405670166, 1.471505880355835, 1.471505880355835, -1.4098228216171265, -1.4098228216171265, -0.4917052686214447, -0.4917052686214447, 0.5575969219207764, 0.5575969219207764, 0.3997831344604492, -0.6549324989318848]","[45.0, 5.0, 5.0, 50.0, 50.0, 45.0, 45.0]","[-0.8409959673881531, 1.9394997358322144, -0.8630741238594055, 1.1660479307174683, -0.5073493123054504, 0.9013664126396179, -0.7175208926200867, -0.1778867095708847, -0.9000871777534485, -0.5021154284477234, -0.2339455783367157, -0.6664345860481262, 0.355864018201828, -0.3711193799972534, 2.5684452056884766, -0.8201345205307007, 0.4093848764896393, -0.739944577217102, 0.7022883892059326, 0.8960368037223816, -1.2736057043075562, 0.8437029123306274, -1.2751123905181885, 1.3763148784637451, -0.3027389943599701, 0.31991350650787354, -1.2867995500564575, -0.10863382369279861, 0.8401005268096924, -1.3488361835479736, 0.31240221858024597, -1.309828281402588, 2.0848729610443115, -0.5314263105392456, 0.12771691381931305, -0.06636802852153778, -0.23650437593460083, 1.2687976360321045, -0.9565953612327576, 1.845767617225647, -0.860038697719574, -0.45135363936424255, -0.9516290426254272, 0.9140716791152954, -0.5725157260894775]","[0.0, 0.0, 0.0, 0.0, 7.0]","[0.9494253396987915, 0.7149065732955933, 0.9375, 1.2315791845321655, 0.46071580052375793]","[0.9457259178161621, -1.499052882194519, 0.9631444811820984, -1.6947007179260254, 0.43827152252197266, -0.5381407141685486, 0.6996667981147766, -0.3104897141456604, 0.9955753684043884, 0.4351787567138672, -0.39282673597335815, 1.0147372484207153, -0.48508939146995544, -0.1838061809539795, -1.4695913791656494, 1.3300063610076904, -1.427761197090149, 1.179152488708496, 0.337071031332016, -1.470729112625122, 1.1085771322250366, -1.184970498085022, 1.1231106519699097, -0.8986973762512207, 0.48239845037460327, -0.65993732213974, 1.1631770133972168, 0.640291690826416, -1.7234598398208618, 1.1683909893035889, -0.4932011663913727, 1.0088410377502441, -0.6507248878479004, 0.7424996495246887, -1.2894372940063477, 0.5967998504638672, 0.3279545307159424, -0.970337450504303, 1.0849614143371582, -1.9876240491867065, 0.8991289138793945, 0.03307455778121948, 1.0393106937408447, -0.8622602820396423, 0.43579164147377014]","[1.0107682943344116, -1.1261746883392334, 0.9660562872886658, -1.133788824081421, -0.3751341700553894, -0.8981606364250183, 0.18548592925071716, -0.44805243611335754, 1.819000244140625, -0.19371561706066132, -0.3596780598163605, 0.4451933205127716, -0.7290732264518738, -0.1352417916059494, -1.1694157123565674, 2.288809299468994, -0.9302070736885071, 0.7833288311958313, -0.4001534879207611, -1.0283489227294922, 1.1104905605316162, -1.0012922286987305, 1.4049466848373413, -0.7490568161010742, -0.03367455303668976, -0.8277927041053772, 1.5248817205429077, 0.2003873735666275, -1.2028602361679077, 2.1898396015167236, -0.19710588455200195, 1.0149407386779785, -0.8963409066200256, 0.05976090580224991, -0.8660754561424255, -0.30254608392715454, -0.3460143208503723, -0.9502373933792114, 1.9539885520935059, -1.1890478134155273, 0.7271262407302856, -0.3228430449962616, 1.192097544670105, -0.781727135181427, -0.28334248065948486]","[111.88680267333984, 111.88680267333984, 111.88680267333984, 111.88680267333984, 111.41999816894531, 111.41999816894531, 111.41999816894531, 111.41999816894531, 111.25, 111.25, 111.25039672851562, 111.25039672851562, 111.38600158691406, 111.38600158691406, 111.38600158691406, 111.32759857177734, 111.52320098876953, 111.52320098876953, 111.40799713134766, 111.40799713134766, 111.41919708251953, 111.41919708251953, 111.4540023803711, 111.4540023803711, 111.5248031616211, 111.57640075683594, 111.21160125732422, 111.22599792480469, 111.19400024414062, 111.19400024414062, 111.44920349121094, 111.44920349121094, 111.42880249023438, 111.42880249023438, 111.40879821777344, 111.40879821777344, 111.41439819335938, 111.41960144042969, 111.6072006225586, 111.6072006225586, 111.3051986694336, 111.30719757080078, 111.31159973144531, 111.31159973144531, 111.33319854736328, 111.33319854736328, 111.37879943847656, 111.37879943847656, 111.87799835205078, 111.87879943847656]",1
t-04.mp4,"[0.5525320172309875, 0.4618810713291168, -1.9974998235702515, -1.9974998235702515, 0.47701069712638855, 0.4326193630695343, 0.6012619137763977, 0.5480558276176453, 0.45470407605171204, 0.46693459153175354, -0.5103305578231812, -0.5103305578231812, -0.16289614140987396, -0.270719438791275, -0.6422951221466064, -0.6422951221466064, -0.270719438791275, -0.8730847835540771, 2.2422351837158203, 1.640436053276062, 1.0167285203933716, 1.207202434539795, 1.207202434539795, 1.207202434539795, 0.10442937165498734, -0.8071967959403992, -0.9880574941635132, -1.152256727218628, -0.9880574941635132, -0.8071967959403992, 0.788249135017395, 0.8333314061164856, 1.4480528831481934, 1.1900575160980225, 0.09533495455980301, 0.09533495455980301, -0.7939645648002625, -1.1021541357040405, -1.4283677339553833, -1.1258742809295654, -1.8238798379898071, -1.493693470954895, 0.28210991621017456, 0.727085292339325, -0.057890377938747406, -0.057890377938747406, -0.057890377938747406, -0.25908973813056946, 1.3705694675445557, 1.3705694675445557]","[45.0, 5.0, 5.0, 50.0, 50.0, 45.0, 45.0]","[-0.5877202153205872, 2.283911943435669, -0.7449042797088623, 0.08238594979047775, -0.7512670159339905, -0.09299010783433914, -0.6418176293373108, 1.1720730066299438, -0.7196716070175171, -0.6535939574241638, 0.8745440244674683, -0.7688832879066467, 0.09500540792942047, -0.8938084244728088, 0.4287419319152832, -0.7049988508224487, 2.2965877056121826, -0.6735943555831909, -0.7198254466056824, 2.2539684772491455, -0.3599899411201477, 1.1009711027145386, -0.7626006007194519, 0.3441281020641327, -0.7470564842224121, -0.24978213012218475, -0.8598132133483887, -0.7470827698707581, 0.464470773935318, -0.8753175139427185, 0.6236234307289124, -0.7926614880561829, -0.14458821713924408, -0.5828445553779602, 2.436427116394043, -0.3820267915725708, -0.6436278820037842, 1.4634830951690674, -0.6838641166687012, -0.12210778146982193, -0.8389569520950317, 0.04999718442559242, -0.7286891937255859, 2.0922908782958984, -0.5885252952575684]","[1.0, 4.0, 0.0, 0.0, 0.0]","[0.8639187812805176, 1.1111111640930176, 0.5939138531684875, 0.8921722769737244, 1.0196254253387451]","[0.5293111801147461, -1.5817853212356567, 1.0366313457489014, -0.7770681381225586, 1.0513659715652466, -0.47289320826530457, 0.7131930589675903, -1.3845700025558472, 0.8858151435852051, 0.7586198449134827, -1.481505274772644, 0.9648339748382568, -0.7782270312309265, 1.1547966003417969, -1.0384806394577026, 0.7102270722389221, -1.0764081478118896, 0.7861436009407043, 0.8658333420753479, -1.9173065423965454, 0.43127545714378357, -1.192763328552246, 0.9363824129104614, -0.8580260276794434, 0.6124416589736938, 0.1440354436635971, 0.978127658367157, 0.8174709677696228, -0.5032723546028137, 0.9196903109550476, -1.0600721836090088, 0.9000102281570435, 0.32018372416496277, 0.5593712329864502, -2.1964433193206787, 0.24306155741214752, 0.7154662013053894, -2.1013059616088867, 0.7504389882087708, 0.07782749086618423, 0.8381772041320801, -0.3534590005874634, 0.7216242551803589, -1.3104726076126099, 0.6617034077644348]","[0.3204360008239746, -1.4788424968719482, 1.3887659311294556, -0.5743538737297058, 1.1726585626602173, -0.7429537177085876, 0.4535902440547943, -1.3121274709701538, 0.7728269696235657, 0.21194025874137878, -1.0384676456451416, 0.5348004102706909, -0.7681050300598145, 2.1276695728302, -0.8173844814300537, 0.6830856800079346, -1.1387889385223389, 0.2052500993013382, 1.0228712558746338, -1.4878331422805786, -0.10075327008962631, -1.1171486377716064, 0.7888237237930298, -1.0148277282714844, 1.078258752822876, -0.3977755904197693, 1.2283847332000732, 0.5815523266792297, -0.8307993412017822, 1.5235090255737305, -0.687886118888855, 1.6529902219772339, -0.0995040014386177, -0.20245756208896637, -1.4772627353668213, -0.46014177799224854, 0.25309357047080994, -1.2499890327453613, 1.0067194700241089, -0.6113879084587097, 2.1005661487579346, -0.5468011498451233, 0.010085782036185265, -1.1182160377502441, 0.15592928230762482]","[99.83080291748047, 99.22959899902344, 97.34200286865234, 97.22599792480469, 84.98560333251953, 84.98560333251953, 84.74559783935547, 84.75479888916016, 82.07479858398438, 81.03759765625, 70.19840240478516, 69.39440155029297, 57.370399475097656, 56.86880111694336, 50.8468017578125, 50.8468017578125, 47.3120002746582, 45.70000076293945, 46.69559860229492, 46.72880172729492, 50.67399978637695, 50.67559814453125, 55.6343994140625, 56.33679962158203, 60.45479965209961, 61.719600677490234, 65.11160278320312, 65.11399841308594, 65.77880096435547, 65.77880096435547, 67.44439697265625, 67.49199676513672, 68.11799621582031, 68.17839813232422, 66.88400268554688, 66.93240356445312, 66.74800109863281, 65.29280090332031, 68.4207992553711, 68.34200286865234, 67.59120178222656, 67.731201171875, 65.7603988647461, 66.018798828125, 65.90080261230469, 65.90080261230469, 65.97840118408203, 65.97840118408203, 64.12319946289062, 64.11720275878906]",1
t-10.mp4,"[-1.4664127826690674, -1.3771841526031494, 1.5584436655044556, 1.4410759210586548, 0.13434244692325592, 0.768832266330719, 0.28519949316978455, -0.12698307633399963, -0.6064091920852661, -0.6109047532081604, -0.12182693183422089, -0.14146798849105835, -0.12182693183422089, -0.12182693183422089, 1.1215673685073853, 2.4609568119049072, -0.5727819204330444, -0.5727819204330444, -1.1915111541748047, -0.7385002970695496, -0.734013557434082, 1.6169315576553345, -0.3294774889945984, -0.2981010675430298, -1.5403989553451538, -1.0603537559509277, 1.2610586881637573, 1.1714662313461304, 0.26120725274086, -0.34831899404525757, -0.5768871903419495, -0.5768871903419495, 1.7684922218322754, 2.1179397106170654, -0.6358009576797485, -0.28607937693595886, -0.9827069640159607, -0.4365285038948059, -0.1628938466310501, -0.22864796221256256, -0.30320027470588684, 0.21786552667617798, -0.8143596649169922, -0.8143596649169922, 1.446959137916565, 0.9455731511116028, 0.7234658598899841, 1.2144920825958252, -1.5583971738815308, -1.0580388307571411]","[45.0, 5.0, 5.0, 50.0, 50.0, 45.0, 45.0]","[-0.6566253304481506, 1.8760687112808228, -0.9122707843780518, 0.6602880954742432, -0.5358834862709045, 0.8099697232246399, -1.0577033758163452, 0.8306107521057129, -1.0144544839859009, -0.8547957539558411, 0.0871720090508461, -0.8434705138206482, 1.5831691026687622, -0.7168439626693726, 1.1062991619110107, -0.8846675157546997, 1.3539564609527588, -0.8308190703392029, -0.8803345561027527, 0.6616854667663574, -1.0192365646362305, 1.6391841173171997, -0.9782979488372803, 1.0835180282592773, -0.8212074041366577, 0.9340171813964844, -0.6193282604217529, -0.9907020926475525, 0.26135674118995667, -0.744251012802124, 1.8208415508270264, 0.10498917102813721, 0.053275175392627716, -1.0175058841705322, 1.4602776765823364, -0.9482815265655518, -0.7577810883522034, -0.38471123576164246, -0.7748693227767944, 0.09147708117961884, -0.7009336352348328, 1.5065853595733643, -0.4744339883327484, 2.0825796127319336, -0.5879127979278564]","[0.0, 1.0, 0.0, 0.0, 4.0]","[0.9284766912460327, 0.5432235598564148, 0.6025846004486084, 0.6914498209953308, 0.7822105288505554]","[0.8453052043914795, -1.507481336593628, 0.9371868968009949, -0.8476961851119995, 0.3057684004306793, -1.165714979171753, 1.110509991645813, -0.7550591230392456, 1.077181100845337, 0.8860116004943848, -0.225648432970047, 0.8717834949493408, -1.496142029762268, 0.7142695188522339, -1.420396089553833, 0.917497456073761, -1.0632392168045044, 0.8158637285232544, 0.8403836488723755, -0.9069147109985352, 0.9840550422668457, -1.098772644996643, 0.9468036890029907, -1.2537797689437866, 0.8470451235771179, -1.190679907798767, 0.8318595886230469, 0.9559192061424255, -0.5282065868377686, 0.7914575338363647, -1.6686477661132812, -0.15213336050510406, 0.27205660939216614, 0.9810506105422974, -1.5756646394729614, 0.9241684079170227, 0.9679400324821472, 0.04056429862976074, 0.9963635206222534, -0.5490524172782898, 0.8659540414810181, -1.717515230178833, 0.46118006110191345, -1.602121353149414, 0.5366870164871216]","[0.2866515815258026, -1.3224705457687378, 0.6339036226272583, -0.4267054796218872, -0.5955358147621155, -0.7131612300872803, 1.6040256023406982, -0.95945143699646, 1.492743730545044, 0.7871829867362976, -0.42835256457328796, 0.9126243591308594, -1.2909408807754517, 0.35307303071022034, -1.147925853729248, 1.410451054573059, -1.3198201656341553, 0.7237081527709961, 0.5091399550437927, -0.9430660605430603, 1.4553650617599487, -1.3562039136886597, 1.1907202005386353, -0.9816824197769165, 0.5034928321838379, -0.9594841003417969, 0.5817185044288635, 1.1198219060897827, -0.5869458317756653, 0.36776354908943176, -1.572434425354004, -0.21869567036628723, -0.2798200249671936, 1.3992348909378052, -1.2728025913238525, 1.0438780784606934, 1.0348680019378662, -0.13914263248443604, 2.0959584712982178, -0.6995080709457397, 0.39736443758010864, -1.1289148330688477, -0.12504933774471283, -1.2416726350784302, -0.19390329718589783]","[79.56600189208984, 79.63960266113281, 77.37439727783203, 77.57759857177734, 77.36000061035156, 77.36160278320312, 77.12079620361328, 77.4583969116211, 78.65239715576172, 78.59159851074219, 77.27519989013672, 77.2760009765625, 78.16719818115234, 78.54000091552734, 77.66200256347656, 77.60079956054688, 78.75039672851562, 78.8904037475586, 78.77680206298828, 78.77639770507812, 77.82839965820312, 77.82839965820312, 75.37200164794922, 75.33679962158203, 77.25160217285156, 77.24759674072266, 76.8595962524414, 76.71240234375, 78.57319641113281, 78.28600311279297, 78.3687973022461, 78.3687973022461, 77.86759948730469, 77.66639709472656, 76.71040344238281, 76.30560302734375, 76.79840087890625, 76.8552017211914, 76.79920196533203, 76.79920196533203, 76.81199645996094, 76.81279754638672, 77.42639923095703, 77.42639923095703, 77.31079864501953, 77.31079864501953, 76.60359954833984, 76.30239868164062, 77.98519897460938, 77.99960327148438]",0
b-00.mp4,"[-1.7459646463394165, -2.0594027042388916, 0.9641267657279968, 0.967094361782074, 0.3710334897041321, 0.3617713153362274, 0.664431631565094, 0.05911358445882797, 0.05911358445882797, 0.35868263244628906, -0.0058686197735369205, -0.9288932681083679, 0.10147670656442642, 0.9336432218551636, -0.0327451154589653, -0.0327451154589653, 1.7854160070419312, 0.9336432218551636, -1.8250337839126587, -0.9288932681083679, 0.08291766047477722, 0.08291766047477722, 1.8486759662628174, 0.09174557030200958, 0.9744516611099243, 0.9657968282699585, -0.7909534573554993, -1.67364501953125, -0.7909534573554993, -0.7909534573554993, 0.21105283498764038, 0.2332586944103241, -0.529361367225647, 0.21105283498764038, 0.2332586944103241, 0.21105283498764038, -1.2466391324996948, -2.0101704597473145, 1.7132512331008911, 0.9732438325881958, -0.5827354788780212, 1.638309121131897, -0.5478395819664001, -0.5827354788780212, 1.6048359870910645, 0.5452150106430054, -1.5814855098724365, -0.5478395819664001, -0.5478395819664001, 0.6021152138710022]","[45.0, 5.0, 5.0, 50.0, 50.0, 45.0, 45.0]","[-0.307506263256073, 2.4255805015563965, -0.7053055167198181, 0.42420345544815063, -0.7754145264625549, 0.11259592324495316, -0.8589308857917786, 0.5291216969490051, -0.8443443179130554, -0.8933601379394531, 1.388701319694519, -0.7970560789108276, 1.3282135725021362, -1.082154393196106, 0.38425394892692566, -1.0336512327194214, 1.139378547668457, -0.4343256652355194, -0.6525183916091919, 1.5726943016052246, -0.7360315918922424, 0.018786199390888214, -0.7022088170051575, 1.6745879650115967, -0.8908321261405945, 0.7025596499443054, -0.9870374202728271, -0.9140396118164062, 1.6719690561294556, -0.9205365777015686, 0.4151712656021118, -0.941063642501831, 0.9614729285240173, -0.9483627080917358, 1.1778725385665894, -0.5024833679199219, -0.7420231699943542, 0.6650962233543396, -0.9488692879676819, 1.2572664022445679, -0.7532961964607239, 0.9712205529212952, -0.8602763414382935, 1.4685255289077759, -1.0576436519622803]","[9.0, 5.0, 6.0, 4.0, 7.0]","[0.6085806488990784, 0.8844774961471558, 0.9782787561416626, 0.7938161492347717, 0.9938079714775085]","[0.3035023510456085, -1.879540205001831, 0.8708298802375793, -0.767791211605072, 0.9241074323654175, -0.30580729246139526, 0.9732457995414734, -1.0902050733566284, 0.9716582894325256, 0.9052121043205261, -1.6206908226013184, 0.8555473685264587, -1.0579696893692017, 0.980709433555603, -0.9018859267234802, 0.9436262845993042, -0.7704685926437378, 0.6659199595451355, 0.7367979884147644, -1.9529895782470703, 0.7373425960540771, 0.1203564777970314, 0.6960299611091614, -1.3740028142929077, 0.8030009269714355, -0.6045153141021729, 0.8379797339439392, 0.8746544122695923, -1.8070480823516846, 0.8673780560493469, -0.5165453553199768, 0.8828836679458618, -1.2890839576721191, 0.8898158669471741, -0.5479373931884766, 0.6458827257156372, 0.7723466753959656, -0.5221949219703674, 0.9073000550270081, -1.2573268413543701, 0.7509649991989136, -0.9072966575622559, 0.8800203800201416, -1.6100951433181763, 0.9862813949584961]","[-0.3856693208217621, -1.3952524662017822, 0.5129275918006897, -0.7488186359405518, 0.813989520072937, -0.6083697080612183, 1.5596256256103516, -1.0108643770217896, 1.2624317407608032, 0.6566000580787659, -1.1400823593139648, 0.6274487972259521, -0.9683839082717896, 1.4535998106002808, -1.197624683380127, 1.3106907606124878, -0.8166548609733582, 0.07440648972988129, 0.3508380353450775, -1.2825417518615723, 0.3763870894908905, -0.40638306736946106, 0.18291552364826202, -1.172324538230896, 1.1532354354858398, -0.991949737071991, 1.7898228168487549, 0.8366691470146179, -1.3784188032150269, 0.9521365761756897, -0.8273193836212158, 0.8995668888092041, -1.3741697072982788, 1.2885496616363525, -0.6298953890800476, 0.232881098985672, 0.6242873668670654, -0.977863609790802, 1.0890947580337524, -0.8777107000350952, 0.16449248790740967, -0.9791469573974609, 0.7295504212379456, -1.3274768590927124, 1.5547730922698975]","[89.80439758300781, 89.99800109863281, 90.3407974243164, 90.0199966430664, 90.0739974975586, 89.99720001220703, 90.50640106201172, 90.59480285644531, 90.34239959716797, 90.37079620361328, 90.45439910888672, 90.21479797363281, 89.77760314941406, 89.75920104980469, 89.43199920654297, 89.6416015625, 89.63719940185547, 89.62560272216797, 90.033203125, 90.07319641113281, 90.2572021484375, 90.2511978149414, 89.55560302734375, 89.40799713134766, 89.54399871826172, 89.36720275878906, 89.63400268554688, 89.71520233154297, 89.77040100097656, 89.72959899902344, 89.90239715576172, 89.80680084228516, 89.97959899902344, 90.2323989868164, 90.08399963378906, 90.08399963378906, 90.2083969116211, 90.24479675292969, 90.193603515625, 90.21759796142578, 90.43720245361328, 90.53199768066406, 90.41519927978516, 90.25959777832031, 89.95800018310547, 89.95800018310547, 89.98760223388672, 90.12999725341797, 90.03759765625, 90.05079650878906]",1
b-14.mp4,"[-1.2782177925109863, -0.7919540405273438, -1.2225717306137085, -1.2225717306137085, 0.8492542505264282, 1.0159605741500854, 0.15701459348201752, 0.0565539114177227, 1.2182660102844238, 1.2182660102844238, -2.0132617950439453, -1.813170313835144, -0.11649669706821442, 0.028314191848039627, 0.7608475089073181, 0.7608475089073181, 0.5642420053482056, 0.4210205078125, 0.6856181621551514, 0.7220388054847717, -0.2502468526363373, -0.9408605694770813, -0.05630588158965111, -0.05630588158965111, 2.1246023178100586, 1.5775059461593628, -0.6309282183647156, -0.1192426010966301, -0.45481523871421814, -1.1934031248092651, -0.41438302397727966, 1.5477705001831055, -0.8978421092033386, -1.265825867652893, -0.8978421092033386, -1.1022716760635376, 0.1638435572385788, 0.9354712963104248, 1.3095228672027588, 0.6215566396713257, -0.17409205436706543, -0.17409205436706543, 1.0723354816436768, 0.4711019992828369, 0.20222920179367065, 0.20222920179367065, -2.545196294784546, -0.6965325474739075, 1.1163544654846191, 0.5256626009941101]","[45.0, 5.0, 5.0, 50.0, 50.0, 45.0, 45.0]","[-0.25338324904441833, 1.1630784273147583, -1.0152133703231812, 0.35519927740097046, -0.9653979539871216, 0.4870226979255676, -0.9317129254341125, 1.9432287216186523, -0.782821536064148, -0.8423802256584167, 0.9209781289100647, -0.8443350791931152, 1.2650456428527832, -0.8736573457717896, 0.4518243968486786, -0.9010632634162903, 1.6386735439300537, -0.8150855898857117, -0.7045156955718994, 0.6022501587867737, -0.8448699712753296, 1.5111831426620483, -0.8043296337127686, 1.72222101688385, -0.8811989426612854, 0.23513248562812805, -0.83587247133255, -0.2663135528564453, 0.9365432262420654, -0.8820977807044983, 0.5889002084732056, -0.9482294917106628, 0.11951705068349838, -0.7616574764251709, 2.1392197608947754, -0.9258818626403809, -0.6655027866363525, 0.5253233909606934, -0.7238391637802124, 2.154806613922119, -0.9625045657157898, 0.38112059235572815, -0.7938606142997742, 0.8814412355422974, -0.7969849109649658]","[8.0, 7.0, 6.0, 6.0, 0.0]","[0.9722222089767456, 0.8304548263549805, 1.0246310234069824, 0.8333333134651184, 0.6715191602706909]","[0.06242160126566887, -1.7896980047225952, 0.9998607635498047, -0.20904001593589783, 0.9987772703170776, -0.5271308422088623, 0.9628745317459106, -1.349732518196106, 0.8516672253608704, 0.8482437133789062, -0.8187083005905151, 0.833705723285675, -1.0328519344329834, 0.9460587501525879, -0.9409145712852478, 1.0233447551727295, -1.5809452533721924, 0.7220671772956848, 0.5888466238975525, -0.6131685972213745, 0.9405463933944702, -1.1664385795593262, 0.8714653253555298, -1.530403971672058, 1.0396015644073486, -1.0247058868408203, 0.8942571878433228, 0.31593021750450134, -1.8499835729599, 0.8956235647201538, -0.6847564578056335, 0.9534021615982056, -0.08532661944627762, 0.8237658143043518, -1.3121387958526611, 0.9434836506843567, 0.7285469770431519, -1.2914406061172485, 0.8235214948654175, -1.737131118774414, 0.9585621356964111, -0.5090798139572144, 0.8489571213722229, -0.6826555132865906, 0.8607193231582642]","[-1.1239190101623535, -1.3939800262451172, 1.249276041984558, -0.360192209482193, 1.4471606016159058, -0.2835496664047241, 0.776660144329071, -0.9547331929206848, 0.6432772874832153, 0.6867384910583496, -1.1537145376205444, 0.7086935639381409, -1.0901974439620972, 1.0317976474761963, -0.9082402586936951, 1.4044679403305054, -1.180495023727417, 0.5009495615959167, 0.49705225229263306, -0.786003053188324, 1.0956757068634033, -1.3131331205368042, 0.708294689655304, -1.368495225906372, 1.2785536050796509, -0.8289177417755127, 0.7169728875160217, -0.570894718170166, -1.3433645963668823, 0.9956619143486023, -0.8164868354797363, 1.5505291223526, -0.44141069054603577, 0.4272170662879944, -0.998397946357727, 1.1971466541290283, 0.5182210803031921, -1.1332406997680664, 0.6916913390159607, -1.324831247329712, 1.8416783809661865, -0.7615665793418884, 0.7389550805091858, -0.8015992045402527, 0.2306918203830719]","[74.70279693603516, 74.9800033569336, 77.52439880371094, 77.57720184326172, 79.99400329589844, 79.99520111083984, 78.74639892578125, 78.65599822998047, 88.04000091552734, 88.81680297851562, 103.25, 104.23999786376953, 101.08480072021484, 100.75759887695312, 86.86799621582031, 86.09480285644531, 74.50759887695312, 74.05760192871094, 63.411598205566406, 63.316001892089844, 66.4916000366211, 65.61399841308594, 82.49800109863281, 81.49720001220703, 62.83039855957031, 63.14759826660156, 63.05440139770508, 63.011600494384766, 62.510398864746094, 62.43080139160156, 74.052001953125, 74.30999755859375, 75.45240020751953, 75.5156021118164, 74.73280334472656, 74.74600219726562, 74.78600311279297, 74.55120086669922, 79.63680267333984, 79.59320068359375, 76.14440155029297, 75.57360076904297, 70.11599731445312, 70.30840301513672, 75.72920227050781, 75.76200103759766, 73.08480072021484, 73.1259994506836, 71.66200256347656, 71.68879699707031]",0
b-02.mp4,"[-0.9991739988327026, -0.9991739988327026, -0.9991739988327026, -0.9991739988327026, 0.9839903116226196, 0.9849584102630615, 1.111580491065979, -0.9991739988327026, 0.9576704502105713, 0.9576704502105713, 0.7655255198478699, 0.8313767910003662, 0.8313767910003662, 0.8313767910003662, 0.8192603588104248, 0.8192603588104248, -1.2245441675186157, -1.2245441675186157, -1.2245441675186157, -1.2245441675186157, -0.5, -0.5, -0.5, -0.5, -0.5, -0.5, 2.0, 2.0, -0.5, -0.5, 0.07196060568094254, -0.10270112007856369, 0.8490782380104065, 0.8490782380104065, 0.6799718737602234, 0.6799718737602234, 0.07196060568094254, 0.6799718737602234, -1.8240039348602295, -1.9552884101867676, -0.4999118447303772, -0.4999118447303772, -0.4999118447303772, -0.4999118447303772, -0.4999118447303772, -0.4999118447303772, -0.4999118447303772, -0.4999118447303772, 1.957656979560852, 2.041637659072876]","[45.0, 5.0, 5.0, 50.0, 50.0, 45.0, 45.0]","[-0.7970067858695984, -0.6528399586677551, -0.8539587259292603, 1.0181629657745361, -0.4954242706298828, 1.9758380651474, -0.34063827991485596, 1.0467467308044434, -0.9008796811103821, -0.7285854816436768, -0.23252572119235992, 1.1511459350585938, 0.3601398169994354, -0.7856358289718628, 2.2200231552124023, -0.8001020550727844, -0.4013175964355469, -0.7831422686576843, -0.9690083265304565, 1.4835625886917114, -0.1265256553888321, 0.4124753475189209, -0.8889273405075073, 1.830932378768921, -0.8821170926094055, 0.007494961842894554, -0.8678870797157288, -0.9462735056877136, 1.5366947650909424, -0.8394128084182739, -0.04964130371809006, -0.9586600065231323, 1.5468614101409912, -0.839090883731842, -0.3844760060310364, 0.9339982271194458, -0.7917054891586304, 0.8293725848197937, -0.7706363797187805, -0.4303496181964874, -0.7582935690879822, 1.222656011581421, -0.8059667348861694, 1.9882582426071167, -0.483335018157959]","[2.0, 6.0, 2.0, 8.0, 2.0]","[1.5006126165390015, 1.039230465888977, 0.0, 0.7407407164573669, 2.0]","[0.8652021884918213, 0.6100339889526367, 0.8913130164146423, -1.8169701099395752, 0.37663236260414124, -1.4665398597717285, 0.3249695599079132, -0.7175716161727905, 0.9329304099082947, 0.7024394273757935, 0.25625085830688477, -1.0620979070663452, -0.1483483761548996, 0.7219449281692505, -2.3522162437438965, 0.728678286075592, 0.43410786986351013, 0.7192411422729492, 0.9077929854393005, -1.4805179834365845, 0.2911114990711212, -0.4727955758571625, 0.8503308892250061, -1.8588769435882568, 0.8741707801818848, 0.0332549624145031, 0.8555293679237366, 0.8767374157905579, -1.5949262380599976, 0.8504493236541748, 0.15569743514060974, 0.8792901039123535, -1.5884180068969727, 0.8242169618606567, 0.4630275368690491, -0.8660745620727539, 0.7627426981925964, -1.2024403810501099, 0.7553953528404236, 0.5275721549987793, 0.7467397451400757, -1.1525869369506836, 0.7677822709083557, -1.8112338781356812, 0.6060290336608887]","[0.9774373769760132, 0.1395518183708191, 0.9961932301521301, -1.0276505947113037, -0.35340577363967896, -1.1803659200668335, -0.32752731442451477, -1.0351999998092651, 1.810967206954956, 0.4715591073036194, -0.76056969165802, -0.709491491317749, -0.8227630257606506, 0.7826293706893921, -1.3216782808303833, 1.8777267932891846, -0.47186949849128723, 0.9544567465782166, 1.6615219116210938, -0.8170848488807678, -0.030267367139458656, -1.3219022750854492, 0.6310209631919861, -1.0172284841537476, 0.8693858981132507, -0.891686737537384, 0.916240930557251, 1.668129563331604, -0.9304760098457336, 0.6380515694618225, -0.91192626953125, 1.5135661363601685, -1.0141814947128296, 0.23351123929023743, -0.491450697183609, -0.7052241563796997, 0.8276898860931396, -0.9050719141960144, 0.7867620587348938, -0.3872537314891815, 0.7132835984230042, -1.0053335428237915, 1.7303838729858398, -1.4562103748321533, -0.3042498230934143]","[15.688400268554688, 15.688400268554688, 15.688400268554688, 15.688400268554688, 16.264400482177734, 16.264400482177734, 16.160400390625, 16.199199676513672, 16.209199905395508, 16.209199905395508, 15.847599983215332, 15.847599983215332, 15.847599983215332, 16.83799934387207, 16.738399505615234, 16.738399505615234, 16.2544002532959, 16.2544002532959, 16.2544002532959, 16.2544002532959, 16.0447998046875, 16.0447998046875, 16.087200164794922, 16.141199111938477, 16.141199111938477, 16.141199111938477, 16.190399169921875, 16.190399169921875, 16.190399169921875, 16.190399169921875, 16.375999450683594, 16.375999450683594, 15.87720012664795, 15.87720012664795, 15.87720012664795, 15.87720012664795, 16.100000381469727, 16.100000381469727, 16.100000381469727, 15.899200439453125, 15.43120002746582, 15.43120002746582, 16.039199829101562, 16.039199829101562, 16.037599563598633, 16.037599563598633, 15.66919994354248, 15.66919994354248, 15.938799858093262, 15.938799858093262]",1
t-06.mp4,"[-0.13665397465229034, -0.13665397465229034, -0.15032579004764557, 1.2850888967514038, -1.5723265409469604, -1.5723265409469604, 1.2850888967514038, 1.2850888967514038, -0.13665397465229034, -0.15032579004764557, -0.36779990792274475, 0.30018380284309387, -0.40055879950523376, -1.7581939697265625, 0.30018380284309387, -0.40055879950523376, -0.4202292561531067, -0.4202292561531067, 2.25575852394104, 0.911443829536438, 0.054010018706321716, 0.5834321975708008, 1.117993950843811, 1.117993950843811, 0.048870477825403214, 0.048870477825403214, -1.5548146963119507, -2.089376449584961, 0.06942294538021088, 0.6035971641540527, 0.3737838566303253, 0.3737838566303253, 0.3731631934642792, 0.24469542503356934, -2.983781576156616, 0.053125884383916855, 0.4401550590991974, 0.3737838566303253, 0.3756452202796936, 0.3756452202796936, 0.6463744044303894, 0.6401646137237549, -1.9366326332092285, -1.290888786315918, 0.000615044089499861, -0.6451394557952881, 0.000615044089499861, 0.000615044089499861, 1.2921383380889893, 1.2921383380889893]","[45.0, 5.0, 5.0, 50.0, 50.0, 45.0, 45.0]","[-0.06335219740867615, 0.48966631293296814, -1.0983763933181763, 2.381967067718506, -0.5013011693954468, 0.15934287011623383, -0.6918501257896423, 0.32982614636421204, -1.005922555923462, -1.0460363626480103, 0.6720033884048462, -1.0244933366775513, 1.2825597524642944, -1.0292925834655762, 1.0695298910140991, -0.6856036186218262, 1.3284190893173218, -0.5670859813690186, -0.6003952622413635, 1.203601360321045, -0.9143236875534058, 2.189981698989868, -0.5759658217430115, 0.3436056971549988, -0.4386722147464752, -0.29797691106796265, -0.9098550081253052, -0.831782877445221, 0.14674112200737, -0.7531964182853699, 2.0403249263763428, -0.71000736951828, 1.3540325164794922, -0.6515055894851685, 0.25840461254119873, -0.8530107140541077, -0.6826726794242859, -0.09789305180311203, -0.7370440363883972, 1.990144968032837, -0.7195808291435242, 1.633525013923645, -0.5708979964256287, -0.11135193705558777, -0.7042295336723328]","[0.0, 0.0, 0.0, 1.0, 0.0]","[0.7808688282966614, 0.8316168785095215, 1.187827706336975, 1.21875, 0.6337242722511292]","[0.11149927973747253, -1.2230855226516724, 1.3039424419403076, -1.5970606803894043, 0.6154882311820984, -1.0369092226028442, 0.6298329830169678, 0.01741088181734085, 1.1788815259933472, 1.0624439716339111, -1.1960663795471191, 1.0376113653182983, -0.9051467776298523, 1.0370484590530396, -1.0987242460250854, 0.5416066646575928, -1.202219843864441, 0.723446786403656, 0.6789503693580627, -1.2236567735671997, 1.0598925352096558, -1.7618916034698486, 0.7492172122001648, -0.8422079682350159, 0.5589266419410706, -0.2901356816291809, 1.070905327796936, 0.9547135829925537, -0.5757849216461182, 0.8472038507461548, -1.6169489622116089, 0.8250094652175903, -1.3124666213989258, 0.6665240526199341, -0.7758374214172363, 0.987587034702301, 0.7917549014091492, -0.28037816286087036, 0.8509876728057861, -1.6898722648620605, 0.8335383534431458, -1.7301075458526611, 0.5840830206871033, -0.170235738158226, 0.8102297782897949]","[-0.3081716299057007, -0.7824946045875549, 2.4250593185424805, -0.7604203820228577, -0.22656048834323883, -0.6693314909934998, -0.24952912330627441, -0.4588242471218109, 1.0302726030349731, 1.6879370212554932, -0.8743278384208679, 1.1641430854797363, -0.8957542777061462, 1.1117639541625977, -0.9346271753311157, 0.012054036371409893, -1.0300318002700806, -0.24115702509880066, -0.09547203779220581, -0.9183974266052246, 1.9930942058563232, -1.0327733755111694, -0.07519234716892242, -0.603631854057312, -0.2252124547958374, -0.5769429802894592, 1.5345282554626465, 1.4437755346298218, -0.9194497466087341, 0.5743542313575745, -1.1497714519500732, 0.4496617615222931, -0.9722336530685425, -0.1579759418964386, -0.8544731140136719, 1.5861124992370605, 0.6588709950447083, -0.8156644701957703, 1.6013906002044678, -1.2918440103530884, 1.004241943359375, -1.2703510522842407, 0.03200490400195122, -0.6806567907333374, 0.7620078325271606]","[21.54360008239746, 21.54360008239746, 21.538799285888672, 21.538799285888672, 21.503999710083008, 21.494400024414062, 21.27359962463379, 21.27359962463379, 21.283599853515625, 21.283599853515625, 21.651199340820312, 21.652000427246094, 21.652000427246094, 21.652000427246094, 21.264400482177734, 21.265600204467773, 21.282400131225586, 21.2903995513916, 21.260000228881836, 21.260000228881836, 21.394800186157227, 21.4148006439209, 21.40839958190918, 21.40399932861328, 21.31999969482422, 21.327600479125977, 21.3351993560791, 21.3351993560791, 21.325199127197266, 21.325199127197266, 21.301599502563477, 21.298799514770508, 21.325599670410156, 21.325599670410156, 21.265199661254883, 21.265199661254883, 21.09040069580078, 21.09040069580078, 21.11720085144043, 21.11720085144043, 21.224000930786133, 21.224000930786133, 21.224000930786133, 21.22640037536621, 21.26959991455078, 21.26959991455078, 21.11639976501465, 21.077999114990234, 21.105600357055664, 21.108800888061523]",1
t-12.mp4,"[1.2711327075958252, 1.3146841526031494, -0.9773494601249695, -0.9773494601249695, 0.05355967581272125, 0.5329208970069885, -1.522916555404663, -1.0417277812957764, 0.9444400072097778, 0.4026058316230774, 0.3941861093044281, -0.21485792100429535, -0.9006862640380859, -0.21485792100429535, -0.21485792100429535, -1.5863261222839355, -0.12470777332782745, -0.2931540310382843, 0.7716753482818604, 2.3835866451263428, -0.31469836831092834, 0.1666630059480667, -1.3834036588668823, -1.3834036588668823, -0.16854120790958405, 0.23663190007209778, 1.90729558467865, 1.4527337551116943, -0.055097490549087524, -0.45817995071411133, -1.5433363914489746, -0.9523406624794006, -1.1169698238372803, -1.0404536724090576, 1.0419201850891113, 0.9690648913383484, 0.9690648913383484, 1.1258329153060913, 0.27360886335372925, 0.27360886335372925, -1.307491660118103, -1.0185177326202393, -0.6974248290061951, -0.7227934002876282, 0.9371263384819031, 1.2579989433288574, -0.30995988845825195, -0.6664659976959229, 1.4203475713729858, 1.1071807146072388]","[45.0, 5.0, 5.0, 50.0, 50.0, 45.0, 45.0]","[-0.3754362165927887, 1.3879010677337646, -1.1551456451416016, 0.8376435041427612, -0.8379475474357605, 0.7215688824653625, -0.7856011986732483, 1.3354493379592896, -1.1284319162368774, -0.924709677696228, 0.791098415851593, -0.32526668906211853, 1.0512568950653076, -1.1477022171020508, 0.711854875087738, -0.7182282209396362, 1.6611697673797607, -1.099473237991333, -1.1313544511795044, 0.8380602598190308, -1.1532882452011108, 2.0104033946990967, -0.6279141902923584, 0.41017946600914, -0.5094414353370667, 0.7182700634002686, -0.5549148917198181, -0.9375805258750916, 0.4093935787677765, -0.6115149259567261, 1.4554954767227173, -1.017181158065796, 0.9044093489646912, -0.9273651838302612, 1.4770630598068237, -0.7527197003364563, -0.7851473689079285, -0.2896575927734375, -0.8426689505577087, 0.7528838515281677, -0.6236430406570435, 2.367123603820801, -0.5746640563011169, 0.5896064639091492, -0.5938330292701721]","[0.0, 0.0, 0.0, 0.0, 0.0]","[1.2560386657714844, 0.6227205991744995, 0.7005425691604614, 0.851401150226593, 0.9928156733512878]","[0.41224512457847595, -0.9376834034919739, 1.2701447010040283, -1.4359214305877686, 0.8062678575515747, -0.739871621131897, 0.6492516398429871, -1.1646838188171387, 1.1402509212493896, 0.8663000464439392, -0.8958314657211304, 0.42018797993659973, -1.130010962486267, 1.1791480779647827, -0.863172173500061, 0.7564787864685059, -1.4374421834945679, 1.1043418645858765, 1.1772708892822266, -0.7907125353813171, 1.1704798936843872, -1.6898430585861206, 0.7572845220565796, -1.1444787979125977, 0.60289466381073, -0.5478984713554382, 0.4650028645992279, 0.9689458012580872, -0.5547513961791992, 0.5760894417762756, -1.5797113180160522, 1.082689642906189, -1.2166205644607544, 1.025560736656189, -0.917980432510376, 0.6157781481742859, 1.0165436267852783, -0.07144806534051895, 1.2612965106964111, -1.0054413080215454, 0.5624098777770996, -1.9228160381317139, 0.4659058153629303, -0.8888211250305176, 0.5823705196380615]","[-0.054922278970479965, -1.0307748317718506, 1.6707963943481445, -0.9951918721199036, 0.5256718993186951, -0.854747474193573, 0.1273094266653061, -0.9069601893424988, 1.5188188552856445, 0.9370612502098083, -0.7858420014381409, -0.13056060671806335, -1.1266449689865112, 1.498984694480896, -0.8583976626396179, 0.4888378381729126, -1.23543381690979, 1.2119953632354736, 1.146546721458435, -0.7808669805526733, 1.853205680847168, -1.2763018608093262, 0.526973307132721, -0.8945643901824951, 0.3300638198852539, -0.9085478186607361, 0.003491457784548402, 1.166296362876892, -0.8932376503944397, -0.17933215200901031, -1.1213070154190063, 1.52567458152771, -0.8344321250915527, 1.2062458992004395, -1.024458408355713, 0.15455058217048645, 1.0505523681640625, -0.38522806763648987, 1.9635578393936157, -0.8973784446716309, 0.0865161120891571, -1.4576590061187744, 0.12069863080978394, -0.8826199173927307, 0.40156057476997375]","[200.75439453125, 200.75439453125, 200.75439453125, 200.75439453125, 200.90480041503906, 200.90480041503906, 200.88600158691406, 200.88600158691406, 201.52639770507812, 201.52639770507812, 201.52639770507812, 201.52639770507812, 201.88560485839844, 201.88560485839844, 201.88560485839844, 201.88560485839844, 201.4528045654297, 201.4528045654297, 201.64720153808594, 201.6324005126953, 201.39720153808594, 201.39720153808594, 201.33360290527344, 201.33360290527344, 200.41600036621094, 200.41600036621094, 201.17959594726562, 201.17959594726562, 201.17959594726562, 201.17959594726562, 201.4311981201172, 201.4311981201172, 201.4311981201172, 201.4311981201172, 201.372802734375, 201.372802734375, 201.30880737304688, 201.30880737304688, 200.5240020751953, 200.5240020751953, 200.41600036621094, 200.3520050048828, 200.5780029296875, 200.56759643554688, 200.56759643554688, 200.58360290527344, 195.10879516601562, 195.1392059326172, 182.34359741210938, 185.99000549316406]",0
t-13.mp4,"[0.7179613709449768, 0.7179613709449768, -1.0476806163787842, -2.1959214210510254, 0.15488089621067047, -1.0476806163787842, 0.8054239153862, 0.8654213547706604, 0.5148168206214905, 0.5148168206214905, -0.3512926399707794, -1.184149146080017, -0.3512926399707794, 0.6678213477134705, 0.6678213477134705, 0.6678213477134705, 1.6874457597732544, 0.6678213477134705, -0.6597260236740112, -1.8122706413269043, -0.7221278548240662, -0.05291048437356949, 1.073097586631775, 0.45865336060523987, 0.7148957252502441, 1.49178946018219, -0.37572476267814636, 0.2867666780948639, -0.7221278548240662, -2.1523118019104004, -0.8001977205276489, -0.2371319979429245, 1.7046540975570679, 1.7046540975570679, 0.3433082401752472, 0.3433082401752472, -0.3370215594768524, -0.2371319979429245, -1.2422207593917847, -1.2422207593917847, 0.22477984428405762, 0.3578149676322937, -0.4224047362804413, -0.6561151146888733, -1.1946582794189453, -1.1946582794189453, -0.2868204712867737, -0.2868204712867737, 2.054746150970459, 1.404136300086975]","[45.0, 5.0, 5.0, 50.0, 50.0, 45.0, 45.0]","[-0.7174738645553589, 1.0071662664413452, -1.0443345308303833, 1.9096391201019287, -0.8737870454788208, 0.8501526713371277, -0.4088752567768097, 0.2786996364593506, -1.0011870861053467, -0.7250951528549194, 2.219499111175537, -0.7240064740180969, 0.9056092500686646, -0.7593704462051392, 0.6016796231269836, -0.7807413339614868, 0.06911739706993103, -0.8066918849945068, -1.027695894241333, 0.5533151030540466, -0.8505257368087769, 1.5030896663665771, -0.9756646752357483, 1.1745622158050537, -0.71286940574646, 1.1056931018829346, -0.7699044942855835, -0.791493833065033, 1.348540186882019, -0.836574912071228, 0.1503080427646637, -0.8311151266098022, 1.4514503479003906, -0.8712435364723206, 1.23976731300354, -0.8596383929252625, -0.820001482963562, 1.5342334508895874, -0.6919555068016052, -0.04878747835755348, -0.819911539554596, 0.933315634727478, -0.9088831543922424, 1.5911023616790771, -0.7691124081611633]","[1.0, 0.0, 0.0, 2.0, 0.0]","[1.0185185670852661, 0.6558884382247925, 0.45549532771110535, 0.775885820388794, 0.7273929715156555]","[0.7074859738349915, -1.5761384963989258, 0.9182072877883911, -1.8937691450119019, 0.8087461590766907, -0.2406546026468277, 0.29772016406059265, 0.09771250933408737, 0.8806901574134827, 0.8422443270683289, -1.7113703489303589, 0.7685807347297668, -0.8777037858963013, 0.821207582950592, -1.2491768598556519, 0.8826966285705566, -0.39005979895591736, 0.9135815501213074, 0.9968518018722534, -0.761745035648346, 0.7944391369819641, -0.6205745935440063, 0.963257372379303, -1.4379040002822876, 0.7484995722770691, -1.486177682876587, 0.8033533096313477, 0.8302997350692749, -1.5283377170562744, 0.8634504079818726, -0.2657671868801117, 0.8182762265205383, -1.1972548961639404, 0.8731997013092041, -1.2494466304779053, 0.8555803298950195, 0.8821926116943359, -1.6354339122772217, 0.6809439659118652, -0.340893417596817, 0.8698564767837524, -0.8224912285804749, 0.9340346455574036, -1.4021844863891602, 0.8339753746986389]","[0.4884221851825714, -0.9341874718666077, 1.9998761415481567, -1.1673824787139893, 0.5457718372344971, -0.7969831824302673, -0.2818707227706909, -0.7937837839126587, 0.9401373267173767, 1.0148849487304688, -1.3339637517929077, 0.32659634947776794, -1.2260565757751465, 0.5595042705535889, -1.1025718450546265, 0.9378757476806641, -0.5454962253570557, 1.3692270517349243, 1.4531455039978027, -0.9307466149330139, 0.6132782697677612, -1.0982041358947754, 1.1227076053619385, -1.0226054191589355, 0.22875043749809265, -1.186730980873108, 0.8204052448272705, 0.651053786277771, -1.1660888195037842, 1.1773463487625122, -0.7764671444892883, 0.35750725865364075, -1.1255789995193481, 1.2113479375839233, -1.2395151853561401, 0.9103947877883911, 1.1345444917678833, -1.2345553636550903, -0.025848884135484695, -0.4845066964626312, 0.6167058348655701, -1.0588340759277344, 1.6892415285110474, -1.1537030935287476, 0.5169562101364136]","[138.61000061035156, 139.4595947265625, 142.71279907226562, 142.71080017089844, 139.70199584960938, 139.66639709472656, 140.15640258789062, 138.8227996826172, 138.74960327148438, 138.74319458007812, 138.75799560546875, 138.75799560546875, 138.4167938232422, 138.42840576171875, 138.80760192871094, 138.8040008544922, 138.2191925048828, 138.2196044921875, 138.24839782714844, 138.24839782714844, 138.16439819335938, 138.16439819335938, 138.69720458984375, 138.67959594726562, 138.73280334472656, 138.73280334472656, 139.660400390625, 139.6248016357422, 140.5395965576172, 140.2519989013672, 139.1251983642578, 139.1251983642578, 138.88839721679688, 138.91000366210938, 138.79840087890625, 138.79840087890625, 138.33399963378906, 138.33399963378906, 138.27479553222656, 138.27479553222656, 138.30999755859375, 138.30999755859375, 137.98919677734375, 137.9832000732422, 137.88279724121094, 137.88279724121094, 137.89320373535156, 137.89320373535156, 138.02439880371094, 138.02439880371094]",0
t-07.mp4,"[-1.2244439125061035, -1.2244439125061035, -1.2244439125061035, -1.2244439125061035, 0.8267354965209961, 0.8267354965209961, 0.8156410455703735, 0.8646844625473022, 0.7819896340370178, 0.7819896340370178, -2.9918951988220215, 0.3251681923866272, 0.35335105657577515, 0.25797656178474426, 0.25797656178474426, 0.27669966220855713, 0.3378799855709076, 0.3378799855709076, 0.5297157168388367, 0.31524744629859924, -0.7920094728469849, -0.7920094728469849, 0.7519634366035461, 0.7519634366035461, -0.3806835114955902, -0.11527977883815765, -1.731324315071106, -0.3806835114955902, 0.7519634366035461, 1.936099648475647, 1.285346269607544, 0.04782848805189133, 0.9719927906990051, -0.09771377593278885, 0.22491738200187683, 0.22491738200187683, 0.4330917298793793, 0.4330917298793793, -1.1669507026672363, -2.3565213680267334, 0.6583198308944702, 1.488088846206665, 0.2940089702606201, 0.2940089702606201, 0.30866122245788574, 1.2612781524658203, -1.578189730644226, -0.6128648519515991, -0.6128648519515991, -1.5004465579986572]","[45.0, 5.0, 5.0, 50.0, 50.0, 45.0, 45.0]","[-0.6940354108810425, -0.36456602811813354, -0.32736095786094666, -0.11057256907224655, -0.7263685464859009, 1.1356031894683838, -0.5518368482589722, 2.3689072132110596, -0.7297699451446533, -0.48577553033828735, 0.020519016310572624, -0.5125477313995361, -0.4434729218482971, -0.5149061679840088, -0.16414254903793335, -0.5089815258979797, 2.779247283935547, -0.16993966698646545, -0.5736505389213562, 2.7119131088256836, -0.520472526550293, 0.014353258535265923, -0.5420507788658142, -0.31138068437576294, -0.5286576747894287, 0.28960180282592773, -0.5396561026573181, -0.7461856603622437, 2.129025936126709, -0.7770903706550598, 1.0712445974349976, -0.8067224025726318, 0.2615436911582947, -0.7531968951225281, 0.4434753656387329, -0.822094202041626, -0.6907262802124023, 1.219519853591919, -0.6035160422325134, 2.2706363201141357, -0.691656768321991, 0.13311360776424408, -0.664978563785553, -0.25753822922706604, -0.7148540019989014]","[2.0, 0.0, 2.0, 0.0, 0.0]","[0.4242640733718872, 1.1486867666244507, 1.237968921661377, 0.9958423972129822, 0.6984650492668152]","[0.8128153681755066, 0.2922722399234772, 0.37256312370300293, -0.6297842264175415, 0.8224928975105286, -2.248286485671997, 0.6642339825630188, -0.9212932586669922, 0.8349862694740295, 0.6343495845794678, -0.5603728294372559, 0.6473261713981628, 0.5713891386985779, 0.6398998498916626, -0.12937963008880615, 0.6538415551185608, -2.582371473312378, 0.1253175437450409, 0.6752961277961731, -2.425917387008667, 0.6153015494346619, -0.398725688457489, 0.6626701354980469, 0.39818075299263, 0.6396708488464355, -0.8250622153282166, 0.6585859060287476, 0.8440290093421936, -1.4431073665618896, 0.8545605540275574, -1.5674563646316528, 0.861986517906189, -0.7958563566207886, 0.839645504951477, -0.450334757566452, 0.8565331101417542, 0.8556676506996155, -1.5340157747268677, 0.5991060137748718, -1.624226689338684, 0.837598979473114, -0.7087972164154053, 0.836791455745697, -0.2398202121257782, 0.9776957035064697]","[0.7651078701019287, -0.31757327914237976, -0.5408788323402405, -0.6149213314056396, 1.0504437685012817, -1.4141900539398193, 0.42283502221107483, -1.1159337759017944, 1.7651106119155884, 0.9721941351890564, -0.9910404086112976, 1.00496506690979, 0.2694646716117859, 0.9210242033004761, -0.6075873970985413, 0.963909924030304, -1.8302351236343384, -0.7026950716972351, 1.1721845865249634, -1.8989373445510864, 0.11315982043743134, -0.8127098083496094, 1.2415364980697632, -0.2722112238407135, 0.47496822476387024, -0.8765924572944641, 0.8586016893386841, 0.5969426035881042, -1.3143056631088257, 0.8531364798545837, -1.2805209159851074, 1.2817199230194092, -0.8346640467643738, 0.7710439562797546, -0.9344555139541626, 0.8611031770706177, 0.6791465878486633, -1.428369402885437, 0.1238546296954155, -1.5344905853271484, 0.3923887312412262, -0.6371692419052124, 0.9408069849014282, -0.16587163507938385, 1.6297038793563843]","[84.52559661865234, 84.33080291748047, 85.0531997680664, 85.3927993774414, 85.07039642333984, 84.99400329589844, 85.33399963378906, 85.31079864501953, 85.13880157470703, 85.13880157470703, 85.14679718017578, 85.14720153808594, 85.10800170898438, 85.10800170898438, 85.10800170898438, 85.10800170898438, 85.41480255126953, 85.09239959716797, 85.63359832763672, 85.63359832763672, 85.3927993774414, 85.25759887695312, 84.82479858398438, 84.82479858398438, 84.72319793701172, 84.72319793701172, 85.16639709472656, 85.0459976196289, 85.00559997558594, 85.00559997558594, 85.57360076904297, 85.57039642333984, 85.69640350341797, 85.69760131835938, 83.96959686279297, 83.96959686279297, 84.96399688720703, 84.96399688720703, 85.03800201416016, 85.03800201416016, 85.28479766845703, 85.2468032836914, 85.40760040283203, 85.40760040283203, 85.48999786376953, 85.48799896240234, 84.79959869384766, 84.79959869384766, 85.40039825439453, 85.40039825439453]",1
b-03.mp4,"[1.0122313499450684, 1.9643055200576782, 0.16205106675624847, -0.7051054835319519, -0.611352801322937, -0.611352801322937, 0.5689549446105957, 0.5689549446105957, -0.7051054835319519, -1.6435813903808594, 1.687347173690796, 0.4145266115665436, 0.569864809513092, -0.8579489588737488, -0.8579489588737488, -0.8579489588737488, -0.8579489588737488, 0.28712141513824463, 1.5626847743988037, -1.0897490978240967, -1.3040215969085693, -0.8716089129447937, -0.8716089129447937, -0.8716089129447937, 1.2907160520553589, 1.277737021446228, 1.2907160520553589, 0.8582197427749634, -0.4156889319419861, -0.38285157084465027, 0.18432655930519104, 0.8253975510597229, 0.12539461255073547, 0.14750711619853973, 0.12539461255073547, 0.803754985332489, 0.803754985332489, 0.803754985332489, -1.9096426963806152, -1.9096426963806152, -1.8919686079025269, -1.8919686079025269, 0.5511339902877808, 0.5511339902877808, 0.5511339902877808, -0.05427651107311249, -0.05427651107311249, 0.5313849449157715, 1.1565693616867065, 0.5511339902877808]","[45.0, 5.0, 5.0, 50.0, 50.0, 45.0, 45.0]","[-0.8335750102996826, 0.7445854544639587, -0.8754200339317322, 0.8109936714172363, -0.8255457282066345, 1.3222901821136475, -0.9261879920959473, 1.489137887954712, -0.9062787294387817, -0.9293485283851624, -0.20206855237483978, -0.4497869312763214, 1.6136471033096313, -0.4221341609954834, 0.06695961952209473, -0.7066541314125061, 1.942533016204834, -0.9131475687026978, -0.773403525352478, -0.46340271830558777, -0.7137038111686707, 0.2620779275894165, -0.5029765963554382, 0.7778747081756592, -0.5426157116889954, 2.4852709770202637, -0.5291211009025574, -0.5713581442832947, 1.7254376411437988, -0.7927457690238953, 1.1303317546844482, -0.954761266708374, 1.0493860244750977, -0.8714562058448792, 0.26008152961730957, -0.9749155640602112, 0.6798683404922485, 2.2806203365325928, -0.8162786364555359, -0.1737969070672989, -0.9156641364097595, -0.09541046619415283, -0.766164243221283, 0.6737453937530518, -0.8669196367263794]","[2.0, 5.0, 6.0, 3.0, 0.0]","[0.7407407164573669, 1.1111111640930176, 0.7685205340385437, 0.7407407164573669, 1.4814814329147339]","[0.8504745960235596, -0.9224911332130432, 0.894212543964386, -0.8019943237304688, 0.8331753015518188, -1.2999597787857056, 0.9183491468429565, -1.38570237159729, 0.9139361381530762, 0.935588538646698, 0.40008345246315, 0.36556893587112427, -1.7634940147399902, 0.4310077428817749, -0.23815467953681946, 0.7617024183273315, -1.769079327583313, 0.8767769932746887, 0.9687440991401672, 0.28853699564933777, 0.9433162808418274, -0.7894217371940613, 0.7270558476448059, -1.4546242952346802, 0.5203070044517517, -1.7905030250549316, 0.5865888595581055, 0.5271651148796082, -1.1999589204788208, 0.7774248719215393, -0.971014678478241, 1.0645023584365845, -1.3635801076889038, 0.910602331161499, -0.842299222946167, 1.0971581935882568, -0.11267606168985367, -2.5469982624053955, 0.7326369285583496, -0.09570048749446869, 0.794654130935669, 0.17325334250926971, 0.708787202835083, -0.4313143193721771, 0.7773575782775879]","[0.7391156554222107, -1.0195008516311646, 0.8672741055488586, -0.8942345380783081, 0.3463553786277771, -1.186632513999939, 1.2367490530014038, -1.2279750108718872, 1.1388487815856934, 2.0114645957946777, -0.05702129006385803, 0.2351946383714676, -1.3462344408035278, -0.32956457138061523, -0.4911927878856659, 0.4355587363243103, -1.333304524421692, 0.8750997185707092, 1.8786742687225342, -0.36894556879997253, 1.2406628131866455, -0.9520024657249451, 0.13938888907432556, -1.0258005857467651, 0.14231668412685394, -1.3149259090423584, 0.26063188910484314, 0.012309146113693714, -1.0322721004486084, 0.34567639231681824, -1.0309882164001465, 1.4058226346969604, -1.0596425533294678, 0.6284918189048767, -0.8575562834739685, 1.588159203529358, -0.6108750104904175, -1.5578525066375732, 0.5043852925300598, -0.7403751015663147, 1.6365853548049927, -0.25071871280670166, 0.9285845160484314, -0.900846004486084, 0.9911121129989624]","[98.82720184326172, 99.26959991455078, 99.16560363769531, 99.26840209960938, 99.27680206298828, 99.34359741210938, 99.56279754638672, 99.54039764404297, 98.99800109863281, 98.88200378417969, 98.90799713134766, 98.87079620361328, 99.15239715576172, 98.40239715576172, 98.61799621582031, 98.62480163574219, 98.56439971923828, 98.56439971923828, 98.53399658203125, 98.51599884033203, 98.70719909667969, 98.5811996459961, 98.76840209960938, 98.85279846191406, 98.40760040283203, 98.90440368652344, 99.0635986328125, 98.966796875, 98.79920196533203, 98.97799682617188, 98.8656005859375, 99.03199768066406, 98.9352035522461, 98.97799682617188, 98.88960266113281, 99.03759765625, 98.83999633789062, 98.81919860839844, 99.35479736328125, 99.3759994506836, 98.42880249023438, 98.42880249023438, 98.25440216064453, 98.2384033203125, 98.10880279541016, 98.10880279541016, 98.02320098876953, 98.02320098876953, 98.79000091552734, 98.79000091552734]",1
b-07.mp4,"[-0.6795510649681091, -0.44456157088279724, -1.0233585834503174, -1.0233585834503174, -0.5598299503326416, -0.5598299503326416, 0.48233529925346375, 0.2605951428413391, 1.6595757007598877, 1.8879835605621338, 0.8192317485809326, -0.263018935918808, -1.2739717960357666, -1.8386896848678589, 1.3508985042572021, 1.3508985042572021, 0.287589967250824, 0.3184778094291687, -0.639898955821991, -0.11151715368032455, 0.932736337184906, 0.7544887661933899, 0.4245680868625641, 0.932736337184906, -0.3100142478942871, 1.0435423851013184, -0.8116782903671265, 0.3111462891101837, -1.3235769271850586, -1.953948736190796, 0.16371482610702515, -0.40157070755958557, 0.14398707449436188, 0.7097488045692444, -0.4285036027431488, 0.1374076008796692, -2.0972352027893066, -0.9668257832527161, 1.369638442993164, 1.369638442993164, 1.5808448791503906, 0.4406754672527313, 0.7764466404914856, 0.5969070196151733, -1.3688783645629883, -1.3688783645629883, 1.0502485036849976, -0.9804471135139465, 0.004920572973787785, -0.7318393588066101]","[45.0, 5.0, 5.0, 50.0, 50.0, 45.0, 45.0]","[-0.8055748343467712, 1.4023289680480957, -1.0107015371322632, -0.23545895516872406, -0.8605566620826721, 1.5455141067504883, -0.49258890748023987, 1.1854166984558105, -0.72837895154953, -0.5873997807502747, 0.7021301984786987, -1.0039063692092896, 1.4039093255996704, -0.9476309418678284, 1.421162724494934, -0.941472053527832, 0.8066674470901489, -0.8534606099128723, -0.8770188093185425, 0.06400853395462036, -0.9158313870429993, 0.5221781134605408, -0.6448042988777161, 1.352289080619812, -0.8918458223342896, 1.942107915878296, -0.5510835647583008, -0.8999446630477905, 0.8095619678497314, -0.4020484387874603, 2.101377487182617, -0.769806444644928, -0.1507825255393982, -0.897476077079773, 0.9747928977012634, -0.7656741738319397, -0.5858576893806458, 1.6718829870224, -0.7638312578201294, -0.32205265760421753, -0.9285795092582703, 0.8966297507286072, -0.6771891117095947, 1.5373539924621582, -0.8283564448356628]","[9.0, 7.0, 2.0, 10.0, 7.0]","[0.8730158805847168, 1.4814814329147339, 0.6371803879737854, 0.7070707082748413, 0.8375315070152283]","[0.8580446243286133, -1.3168230056762695, 1.0907976627349854, 0.01139051467180252, 0.9640929698944092, -1.3714197874069214, 0.39506539702415466, -1.3582268953323364, 0.7270784378051758, 0.538872241973877, -0.8577460646629333, 1.057898998260498, -1.2786169052124023, 0.9603862166404724, -1.014569640159607, 0.9836874604225159, -1.2495951652526855, 0.8596828579902649, 0.9874563813209534, -0.5979011654853821, 1.007111668586731, -0.5654321312904358, 0.6425193548202515, -1.017020344734192, 0.9921207427978516, -1.918663740158081, 0.4698094129562378, 1.0789703130722046, -1.4376784563064575, 0.18128567934036255, -1.5367369651794434, 0.8344418406486511, -0.06269682943820953, 1.076491117477417, -0.9349189400672913, 0.8008421659469604, 0.48440611362457275, -0.8599968552589417, 0.7470883727073669, 0.24481938779354095, 1.015661358833313, -1.4543169736862183, 0.6541265249252319, -1.7363590002059937, 0.904570996761322]","[0.5596153140068054, -1.0972061157226562, 1.857146143913269, -0.3818042278289795, 1.1657987833023071, -1.1125186681747437, -0.10425325483083725, -1.109482765197754, 0.22270478308200836, 0.023191915825009346, -0.8963419198989868, 1.2470227479934692, -1.175662636756897, 0.8075203895568848, -1.0518382787704468, 1.2853699922561646, -1.073447823524475, 0.8341856598854065, 1.1724538803100586, -0.7444312572479248, 1.4723268747329712, -0.8191707134246826, 0.11231093853712082, -1.014227032661438, 1.2611750364303589, -1.2508429288864136, -0.18959474563598633, 1.4443001747131348, -1.154889702796936, -0.311231404542923, -1.221645712852478, 0.6110672354698181, -0.4516936242580414, 1.5076642036437988, -0.9366149306297302, 0.5130437612533569, -0.0060297842137515545, -0.987903892993927, 0.3407716751098633, -0.30873700976371765, 2.094982624053955, -1.0668458938598633, 0.26542067527770996, -1.2050613164901733, 0.8734029531478882]","[49.26279830932617, 49.26279830932617, 48.31560134887695, 48.31560134887695, 47.678001403808594, 47.66960144042969, 46.72119903564453, 46.489200592041016, 46.22359848022461, 46.27519989013672, 44.36640167236328, 44.36640167236328, 46.6864013671875, 46.4463996887207, 44.398799896240234, 44.33599853515625, 44.172401428222656, 44.603599548339844, 48.42399978637695, 47.737998962402344, 45.83440017700195, 45.83440017700195, 45.447601318359375, 45.459598541259766, 45.31719970703125, 45.31719970703125, 45.466800689697266, 45.466800689697266, 47.559200286865234, 47.50920104980469, 48.200401306152344, 48.231998443603516, 47.76359939575195, 48.04600143432617, 48.27199935913086, 48.45000076293945, 48.7151985168457, 48.7151985168457, 48.53799819946289, 48.552398681640625, 48.28120040893555, 48.28120040893555, 48.495601654052734, 48.49760055541992, 48.518001556396484, 48.57640075683594, 47.23400115966797, 47.23400115966797, 47.09560012817383, 47.09560012817383]",1
b-13.mp4,"[-0.14282727241516113, -0.11912272870540619, -0.043414607644081116, -0.043414607644081116, 0.40624698996543884, 0.44800829887390137, 1.883211612701416, 0.8665924072265625, -1.6276400089263916, -1.6276400089263916, 0.9154483675956726, 0.5473808646202087, -0.9475452303886414, -0.9475452303886414, -0.3622710704803467, -0.7518072724342346, -0.995716392993927, -0.6010082960128784, 1.373919129371643, 1.7691450119018555, 0.5504989624023438, 0.5504989624023438, 0.44678452610969543, -0.2180628478527069, 1.1116379499435425, 0.44678452610969543, -1.547737956047058, -2.220120668411255, 0.43985825777053833, 0.43985825777053833, -0.47414809465408325, -0.2092488557100296, 2.1726129055023193, 1.6451056003570557, -0.6016131639480591, -0.8199334740638733, -0.7160321474075317, -0.770758330821991, 0.14991877973079681, -0.37590330839157104, 0.9424952268600464, 0.2620109021663666, 1.623000144958496, -0.4392883777618408, 0.34357014298439026, 1.0823159217834473, -1.8082724809646606, -1.1272547245025635, -0.4392883777618408, -0.4392883777618408]","[45.0, 5.0, 5.0, 50.0, 50.0, 45.0, 45.0]","[-0.8060237765312195, 0.5348785519599915, -0.7980150580406189, 0.9026020169258118, -0.9244751334190369, 0.528347373008728, -0.9174939393997192, 2.070812463760376, -0.5906325578689575, -0.7701520919799805, 0.8128481507301331, -1.0606898069381714, 1.7786266803741455, -0.7120404243469238, 1.1295889616012573, -1.0612597465515137, 0.4618697762489319, -0.5787914395332336, -0.3434732258319855, 2.806788206100464, -0.4308532178401947, -0.22283023595809937, -0.4591309726238251, -0.1000337153673172, -0.4879585802555084, -0.2836395502090454, -0.47886866331100464, -0.9043828248977661, 0.3327503502368927, -0.8203059434890747, 0.794165313243866, -0.8709611296653748, 1.8594987392425537, -0.8110355734825134, 1.1602321863174438, -0.7399610280990601, -0.8155670166015625, 1.578453779220581, -0.8531667590141296, 0.5686855316162109, -0.9049515128135681, 0.6853125691413879, -0.8181576132774353, 1.4367619752883911, -0.8773710131645203]","[4.0, 0.0, 7.0, 2.0, 4.0]","[0.7005425691604614, 0.8281733393669128, 0.7273929715156555, 0.651931881904602, 0.9090909361839294]","[0.8353754878044128, -1.1589993238449097, 0.7488423585891724, -0.5234559178352356, 0.9232867360115051, -0.31180238723754883, 0.9074546098709106, -2.002973794937134, 0.5822721123695374, 0.7657346129417419, -1.103882908821106, 1.0894484519958496, -1.278416633605957, 0.7699912190437317, -1.0649334192276, 1.0961514711380005, -0.9760234355926514, 0.7019306421279907, 0.46575310826301575, -2.6743624210357666, 0.5679572820663452, 0.06685744225978851, 0.596157968044281, -0.38664722442626953, 0.6341961026191711, 0.10990089923143387, 0.6201866865158081, 0.8306875824928284, -0.39042115211486816, 0.7747009992599487, -0.4513099491596222, 0.8260484933853149, -0.927383542060852, 0.7613473534584045, -2.1641130447387695, 0.7404431700706482, 0.7957320809364319, -1.3042253255844116, 0.8849318623542786, -0.6964712142944336, 0.9969961047172546, -1.1471502780914307, 0.791823148727417, -1.2583075761795044, 0.9366713166236877]","[0.6818241477012634, -1.061010479927063, 0.37825900316238403, -0.898989200592041, 1.5371592044830322, -0.6610483527183533, 1.3549360036849976, -1.3498393297195435, 0.018709011375904083, 0.42301061749458313, -0.9169290661811829, 1.5802311897277832, -1.0124540328979492, 0.3672231137752533, -1.0076277256011963, 1.5188872814178467, -0.999356746673584, 0.04701528698205948, -0.2737140953540802, -1.8049722909927368, 0.34595978260040283, -0.4830404818058014, 0.7490020394325256, -0.8707166910171509, 1.6786168813705444, -0.3634535074234009, 1.0223183631896973, 1.422485113143921, -0.760189950466156, 0.6055874824523926, -0.7795716524124146, 1.2848315238952637, -1.2380414009094238, 0.5909692049026489, -1.355934500694275, 0.22986426949501038, 0.6083953976631165, -1.1671593189239502, 0.8452277779579163, -0.9205561876296997, 1.4500069618225098, -1.07944655418396, 0.5333259105682373, -1.1637810468673706, 0.8939869999885559]","[47.380401611328125, 47.38880157470703, 47.392799377441406, 47.392799377441406, 47.34560012817383, 47.34560012817383, 47.063201904296875, 47.09880065917969, 47.23320007324219, 47.25920104980469, 47.486000061035156, 47.486000061035156, 47.242801666259766, 47.242801666259766, 47.1879997253418, 47.20399856567383, 47.20320129394531, 47.20320129394531, 47.27119827270508, 47.27119827270508, 47.20840072631836, 47.20840072631836, 47.46839904785156, 47.46839904785156, 47.383201599121094, 47.383201599121094, 47.03120040893555, 47.03120040893555, 47.07279968261719, 47.07279968261719, 47.03519821166992, 47.03519821166992, 47.09120178222656, 47.09120178222656, 47.332401275634766, 47.331600189208984, 47.19160079956055, 47.19879913330078, 47.26959991455078, 47.18199920654297, 47.623199462890625, 47.65719985961914, 47.36360168457031, 47.213600158691406, 47.44839859008789, 47.30759811401367, 47.2588005065918, 47.286800384521484, 44.049598693847656, 41.35559844970703]",0
t-03.mp4,"[0.43156352639198303, 0.5483390688896179, -0.9264101982116699, -1.577333688735962, -0.686794638633728, -0.686794638633728, 1.0039135217666626, -0.686794638633728, 1.7456516027450562, 0.8346600532531738, 1.448891043663025, 1.4482532739639282, -0.8071954250335693, -0.8071954250335693, -0.8071954250335693, -0.8071954250335693, -0.8071954250335693, -0.8071954250335693, 0.9592759013175964, 0.9867523908615112, -0.4131505489349365, -0.4131505489349365, -0.3048136234283447, -0.3048136234283447, -1.8896450996398926, -0.8273537158966064, 0.37046340107917786, 0.9492079615592957, 1.1288697719573975, 1.7043861150741577, -0.5871455669403076, -0.3572825491428375, 0.32388928532600403, 0.13699379563331604, -0.7257561683654785, -0.7257561683654785, -0.9113907814025879, -0.8250858783721924, 2.0582668781280518, 1.6132670640945435, -0.4999818205833435, -0.4999818205833435, -0.4999818205833435, -0.4999818205833435, -0.4999818205833435, -0.4999818205833435, -0.4999818205833435, -0.4999818205833435, 2.019000768661499, 1.9808536767959595]","[45.0, 5.0, 5.0, 50.0, 50.0, 45.0, 45.0]","[-0.5802306532859802, 0.5419963598251343, -0.7017465233802795, 0.015286989510059357, -0.633593738079071, -0.08126630634069443, -0.6490961909294128, 2.6041791439056396, -0.5155291557312012, -0.7083017230033875, 1.7035136222839355, -0.6450371146202087, -0.03910773992538452, -0.7875542640686035, -0.2526537775993347, -0.6992538571357727, 1.9359912872314453, -0.5075963735580444, -0.2887621521949768, 1.9098793268203735, -0.8907095789909363, 1.5748282670974731, -0.7248914837837219, 0.1686834692955017, -0.8913935422897339, -0.055147916078567505, -0.8024862408638, -0.8731048107147217, 0.9073920845985413, -0.8594802618026733, 1.6245402097702026, -0.662567675113678, -0.04156126081943512, -0.648681640625, 1.5059220790863037, -0.9524588584899902, -0.5693070888519287, 1.4748948812484741, -0.8734697699546814, -0.4936118721961975, -0.7766170501708984, 0.6873905062675476, -0.6752546429634094, 1.880042552947998, -0.6540674567222595]","[0.0, 1.0, 0.0, 0.0, 0.0]","[0.7001400589942932, 0.8040302395820618, 0.5716619491577148, 0.9312403798103333, 0.0]","[0.7257094979286194, -1.1242305040359497, 1.0605230331420898, -0.6083008646965027, 0.8241406083106995, -0.10088834166526794, 0.7032115459442139, -2.0506885051727295, 0.5705233216285706, 0.8517865538597107, -1.5245773792266846, 0.6277815103530884, -0.37815362215042114, 1.123987078666687, -0.27045607566833496, 0.9039075970649719, -1.755560040473938, 0.4212842881679535, 0.23812909424304962, -1.7102861404418945, 1.1058530807495117, -1.1495835781097412, 0.8417104482650757, -0.6500064730644226, 1.2136026620864868, -0.601912796497345, 0.7124937176704407, 0.907721757888794, -1.525937557220459, 1.005253791809082, -1.6251814365386963, 0.44511541724205017, -0.2430388182401657, 0.4009179174900055, -0.5701665282249451, 1.205315351486206, 0.2885240912437439, -1.9722955226898193, 1.244544506072998, 0.3272910714149475, 1.0364381074905396, -0.5229406952857971, 0.4409809112548828, -1.2796766757965088, 0.43713411688804626]","[0.22350890934467316, -1.0123881101608276, 1.788607120513916, -0.48898401856422424, 0.8659949898719788, -0.43025028705596924, 0.2666207253932953, -1.7780765295028687, 0.5649672746658325, 0.5122078657150269, -1.2271168231964111, 0.1348208487033844, -0.5120090246200562, 2.1150169372558594, -0.4486560821533203, 0.8279470801353455, -1.2526100873947144, -0.14960075914859772, -0.0949147567152977, -1.355051875114441, 1.1967458724975586, -1.014350175857544, 0.8410635590553284, -0.645081102848053, 1.7061009407043457, -0.7958570718765259, 0.1613444834947586, 0.5043014287948608, -0.8431794047355652, 1.0092076063156128, -1.0272514820098877, -0.09489321708679199, -0.5275503993034363, -0.170833021402359, -1.0033503770828247, 2.1535489559173584, -0.2199276089668274, -1.205509066581726, 1.8656452894210815, 0.3927758038043976, 1.213752269744873, -0.7216521501541138, 0.1196134090423584, -1.3593790531158447, -0.08531878143548965]","[46.13399887084961, 46.14799880981445, 45.84120178222656, 45.86840057373047, 45.88199996948242, 45.895198822021484, 46.149600982666016, 46.149600982666016, 46.86479949951172, 46.552799224853516, 46.644798278808594, 46.644798278808594, 52.82360076904297, 52.92559814453125, 61.85559844970703, 61.86240005493164, 58.5432014465332, 58.066001892089844, 50.68000030517578, 50.66239929199219, 51.21799850463867, 51.149200439453125, 51.29199981689453, 51.13759994506836, 51.123199462890625, 51.123199462890625, 51.18519973754883, 51.17599868774414, 51.284000396728516, 51.27080154418945, 50.86280059814453, 50.77880096435547, 49.75920104980469, 49.88679885864258, 51.10919952392578, 51.13520050048828, 51.257999420166016, 51.242401123046875, 51.354000091552734, 51.373600006103516, 51.26839828491211, 51.2760009765625, 52.18880081176758, 52.062801361083984, 53.12839889526367, 53.417999267578125, 51.880401611328125, 51.889198303222656, 51.9552001953125, 51.89720153808594]",1
t-02.mp4,"[1.8747327327728271, 1.3653706312179565, -1.2972958087921143, -1.2438793182373047, -0.30344170331954956, -0.1843147575855255, -0.30344170331954956, -0.8036386966705322, 0.698594331741333, 0.19731423258781433, 1.1941628456115723, 0.39215517044067383, -0.5146107077598572, -1.3183988332748413, -1.406720757484436, -1.3183988332748413, 0.39215517044067383, 0.39215517044067383, 1.0937503576278687, 1.0937503576278687, -0.8610014915466309, -0.8610014915466309, 1.7654566764831543, 0.45195499062538147, 0.8683297634124756, -0.4351955056190491, -1.4748201370239258, 1.119707703590393, -0.8610014915466309, 0.2875710427761078, 0.7732046842575073, 0.7051851153373718, 0.7051851153373718, -0.6564569473266602, -0.7119141221046448, -0.6564569473266602, 1.2749499082565308, 1.2972290515899658, -1.393847107887268, -1.3370786905288696, -1.7210485935211182, -0.7320799827575684, 0.5262174606323242, 1.509909987449646, -0.9742911458015442, -0.9742911458015442, 0.6935308575630188, -0.09273932129144669, 0.8823959827423096, 0.8823959827423096]","[45.0, 5.0, 5.0, 50.0, 50.0, 45.0, 45.0]","[-0.46411100029945374, 2.545438051223755, -0.6469460725784302, 0.7355018854141235, -0.5714427828788757, 0.019398044794797897, -0.7141323089599609, -0.22758355736732483, -0.6761223077774048, -0.793748140335083, 1.687190055847168, -0.5680842995643616, 0.6665484309196472, -0.9857426285743713, 1.3036257028579712, -0.9678975343704224, 0.567277729511261, -0.9091693758964539, -0.9177426099777222, 0.3171342611312866, -0.8581174612045288, 1.0448724031448364, -0.3276844322681427, 0.2101801335811615, -0.9090912938117981, 2.1717071533203125, -0.73125821352005, -0.8728640079498291, 0.40295010805130005, -0.8315489292144775, 0.36853569746017456, -0.8657236695289612, 1.6222989559173584, -0.7294377088546753, 1.662194013595581, -0.7564043998718262, -1.047210454940796, 0.8855127692222595, -1.1210663318634033, 1.2618608474731445, -0.4800613522529602, 1.189507246017456, -0.7862991094589233, 1.0493041276931763, -0.9515477418899536]","[0.0, 0.0, 2.0, 6.0, 0.0]","[0.5841439366340637, 0.8676320314407349, 0.8849246501922607, 1.0, 1.3267163038253784]","[0.5080275535583496, -2.604414463043213, 0.7013975977897644, -0.37247753143310547, 0.5408579111099243, -0.16398926079273224, 0.7225813269615173, -0.029012436047196388, 0.6970292925834656, 0.7849867939949036, -2.109578847885132, 0.5835056900978088, -0.3275009095668793, 0.9063284993171692, -0.9328556060791016, 0.9108047485351562, -0.5961529612541199, 0.7804626822471619, 0.9412828683853149, -0.4289934039115906, 0.8459165692329407, -1.1998649835586548, 0.353588730096817, -0.07097829133272171, 0.876097559928894, -2.0744662284851074, 0.7574171423912048, 0.8743320107460022, -0.2069488912820816, 0.7960926294326782, -0.5742213726043701, 0.8810276985168457, -1.6390058994293213, 0.7227187156677246, -1.6269341707229614, 0.772939145565033, 1.003139615058899, -0.772581160068512, 1.0523905754089355, -0.6557083129882812, 0.4720190465450287, -0.98988276720047, 0.7742316126823425, -1.795846939086914, 0.9122384190559387]","[0.333771675825119, -1.7739139795303345, 1.2489417791366577, -1.0727224349975586, 0.18156647682189941, -0.5719040036201477, 1.211742877960205, -0.5220326781272888, 0.964550256729126, 0.916013240814209, -1.5485601425170898, 0.19952550530433655, -0.6203843951225281, 1.1478157043457031, -1.273622989654541, 1.216294765472412, -0.696234405040741, 0.6591527462005615, 1.3501442670822144, -0.4242461621761322, 0.9415847659111023, -1.1862448453903198, -0.2688698470592499, -0.3965721130371094, 0.9028656482696533, -1.731468915939331, 0.8128072619438171, 1.048556923866272, -0.6865916848182678, 1.1281929016113281, -0.7856713533401489, 0.9908374547958374, -1.3884694576263428, 0.7034114599227905, -1.4063291549682617, 0.396062970161438, 1.1507818698883057, -0.975753903388977, 1.8952617645263672, -0.6626460552215576, -0.1092677190899849, -1.0043144226074219, 0.3882799446582794, -1.1437742710113525, 0.4614327847957611]","[68.2155990600586, 68.2155990600586, 68.0719985961914, 68.0719985961914, 68.4000015258789, 68.4000015258789, 68.3904037475586, 68.3855972290039, 68.1416015625, 68.1416015625, 68.23359680175781, 68.23359680175781, 68.20480346679688, 68.38159942626953, 68.6427993774414, 68.6427993774414, 68.66000366210938, 68.64080047607422, 68.60600280761719, 68.60600280761719, 67.36959838867188, 67.36959838867188, 66.13600158691406, 65.39080047607422, 61.66080093383789, 61.667198181152344, 63.02399826049805, 63.02399826049805, 63.00120162963867, 63.0088005065918, 62.97480010986328, 62.97480010986328, 62.59239959716797, 60.86240005493164, 58.8307991027832, 58.83319854736328, 57.02640151977539, 57.02640151977539, 54.325599670410156, 54.325599670410156, 54.36159896850586, 54.36159896850586, 54.29399871826172, 54.29399871826172, 54.48440170288086, 54.48440170288086, 54.4900016784668, 54.4900016784668, 54.38759994506836, 54.38759994506836]",1
b-12.mp4,"[1.1471244096755981, 1.1471244096755981, -0.7239814400672913, 0.8098617792129517, -0.16926465928554535, -2.066432476043701, -0.3765765428543091, -0.3765765428543091, 1.1471244096755981, -0.5384034514427185, 0.43811824917793274, -0.37832871079444885, 0.4036414623260498, 1.1744577884674072, 0.3921392560005188, 1.185631513595581, 0.5755816698074341, -0.283719003200531, -1.7537611722946167, -1.7537611722946167, -1.2779628038406372, -1.2779628038406372, -1.2779628038406372, -0.7680140733718872, 1.3358676433563232, 0.8268250823020935, 0.2525363862514496, 0.3180502653121948, 0.6777976751327515, 1.190825343132019, 2.155994176864624, 0.3700571358203888, -0.4620881676673889, -0.5692417621612549, -1.159575343132019, -1.293757677078247, 0.2658330500125885, 1.202640414237976, -0.1782165765762329, -0.3316451609134674, 1.3448340892791748, 1.1497939825057983, 0.035784587264060974, -1.0300742387771606, -1.0300742387771606, 0.8468483090400696, -0.16455048322677612, 1.1497939825057983, -1.2722817659378052, -1.0300742387771606]","[45.0, 5.0, 5.0, 50.0, 50.0, 45.0, 45.0]","[-0.7609813213348389, 0.5508744716644287, -0.7903656363487244, 0.584598958492279, -0.829501748085022, 0.9021609425544739, -0.8736438751220703, 2.0481197834014893, -0.8312615752220154, -0.9180445671081543, 1.1917304992675781, -0.7480010390281677, 1.4026427268981934, -0.8329777121543884, 0.7422518134117126, -0.9760575294494629, 1.069977045059204, -0.9315211772918701, -0.8101837038993835, -0.5962368845939636, -0.7588332295417786, 1.2349028587341309, -0.2956584095954895, 2.0510995388031006, -0.7346718311309814, 0.6790274381637573, -0.7694457769393921, -0.7166351675987244, 0.2902137339115143, -0.7589570879936218, 1.491102933883667, -0.6886543035507202, -0.2689144015312195, -0.630307137966156, 2.0261754989624023, -0.7440242171287537, -0.8509427905082703, 0.010035062208771706, -0.8190070390701294, 1.928077220916748, -0.7614688277244568, 0.8980786204338074, -0.7702126502990723, 1.1421889066696167, -0.776748538017273]","[5.0, 1.0, 4.0, 0.0, 2.0]","[0.4536091983318329, 1.1025309562683105, 0.6372659206390381, 0.5986843109130859, 0.6060606241226196]","[0.8272214531898499, -1.071358561515808, 0.8332256078720093, -1.3660815954208374, 0.9143011569976807, -1.0260369777679443, 0.9700576663017273, -0.9825862646102905, 0.9012575745582581, 0.9344659447669983, -0.9215914607048035, 0.6763525605201721, -1.3928731679916382, 0.8192039728164673, -0.7335116863250732, 0.9621601700782776, -1.3309319019317627, 0.9867256879806519, 0.9016926288604736, 0.521949827671051, 0.8520200252532959, -1.475160002708435, 0.17218229174613953, -1.6795660257339478, 0.775459349155426, -0.9169572591781616, 0.8483791351318359, 0.9277414679527283, -0.9480875730514526, 1.0531327724456787, -1.2248814105987549, 0.7772132158279419, -0.6546257734298706, 0.5591785907745361, -1.502976655960083, 1.013305425643921, 1.1286289691925049, -0.7613488435745239, 0.9691087007522583, -1.293887734413147, 0.7134092450141907, -1.3122048377990723, 0.7430667877197266, -1.0241930484771729, 0.8374208211898804]","[0.54686439037323, -1.0026414394378662, 0.5808188319206238, -1.0135754346847534, 0.8006588220596313, -1.0257110595703125, 1.7529505491256714, -1.144484281539917, 0.5051196813583374, 1.0810261964797974, -1.1229479312896729, -0.06138291209936142, -1.075418472290039, 0.2130439430475235, -0.8415884375572205, 1.2025487422943115, -0.9279763698577881, 1.5326952934265137, 1.314022183418274, -0.001833060523495078, 1.4438719749450684, -1.1983169317245483, -0.43008506298065186, -1.304492712020874, 0.4679700434207916, -1.0412696599960327, 0.7501332759857178, 0.8116318583488464, -0.9710198640823364, 1.5692838430404663, -1.158370018005371, 0.3496057093143463, -0.7373392581939697, 0.14825692772865295, -1.2114198207855225, 1.1993706226348877, 1.8252527713775635, -0.774375319480896, 0.9462338089942932, -1.1273115873336792, 0.397664874792099, -1.1144349575042725, 0.33950144052505493, -1.0418621301651, 0.5493311882019043]","[134.1508026123047, 134.1508026123047, 134.1508026123047, 134.1508026123047, 133.7528076171875, 133.7528076171875, 133.68600463867188, 133.68600463867188, 133.62319946289062, 133.62319946289062, 133.335205078125, 133.40679931640625, 133.3887939453125, 133.3887939453125, 133.3843994140625, 133.3843994140625, 133.31080627441406, 133.31239318847656, 133.35679626464844, 133.35679626464844, 133.35440063476562, 133.35440063476562, 133.29879760742188, 133.3607940673828, 133.22799682617188, 133.25439453125, 133.12840270996094, 133.12840270996094, 133.13160705566406, 133.13160705566406, 132.985595703125, 132.985595703125, 132.94720458984375, 132.97239685058594, 133.0491943359375, 133.0491943359375, 133.36279296875, 133.36279296875, 133.36279296875, 133.36279296875, 133.80760192871094, 133.80760192871094, 133.8679962158203, 133.8679962158203, 133.8679962158203, 133.8679962158203, 134.3936004638672, 134.3936004638672, 134.6136016845703, 134.6136016845703]",0
b-06.mp4,"[-1.7242642641067505, -1.998468041419983, -0.25428101420402527, -0.0026308491360396147, 0.7445152997970581, 0.7445152997970581, 0.24903033673763275, 0.5007018446922302, 0.7445152997970581, 0.9963659644126892, 1.11898672580719, -0.4773187041282654, 1.0696324110031128, 1.0696324110031128, -0.4773187041282654, -2.0242538452148438, -0.4773187041282654, -0.4941352903842926, 1.11898672580719, -0.4268927574157715, 1.8349772691726685, 1.8349772691726685, 0.1543254405260086, -0.4220069944858551, -0.9981593489646912, -0.35203662514686584, -0.4220069944858551, 0.22248056530952454, -0.9262752532958984, -0.9262752532958984, -0.17452368140220642, -0.17452368140220642, -0.9995972514152527, -1.0287055969238281, -1.038413405418396, -0.17452368140220642, -0.17452368140220642, 0.6703818440437317, 2.414761543273926, 0.6796676516532898, -1.709798812866211, -1.709798812866211, -0.5266750454902649, -0.5266750454902649, 0.5511611700057983, 0.5679441690444946, 0.8564338088035583, 0.5511611700057983, 0.8301790356636047, 1.1160683631896973]","[45.0, 5.0, 5.0, 50.0, 50.0, 45.0, 45.0]","[-0.7165854573249817, 0.49686551094055176, -0.484794020652771, 2.5635933876037598, -0.7117152810096741, -0.07826468348503113, -0.706052303314209, 0.24009200930595398, -0.6031389236450195, -0.5291728973388672, 0.33919793367385864, -0.4549092650413513, 2.696483850479126, -0.5853570699691772, -0.4093400835990906, -0.6004824042320251, 0.047481633722782135, -0.5039017200469971, -0.5208452939987183, 2.321363925933838, -0.5527065396308899, -0.5358330607414246, -0.7839946746826172, 0.6052123308181763, -0.7424007058143616, 0.8770710825920105, -0.6678668856620789, -0.6046518087387085, 1.9923869371414185, -0.8449411988258362, -0.38548293709754944, -0.8369637131690979, 0.5041635632514954, -0.761103630065918, 1.4247735738754272, -0.4881807267665863, -0.7363240718841553, 0.796484112739563, -0.8790013790130615, 2.297405958175659, -0.7956260442733765, 0.5127968788146973, -0.5910493731498718, 0.11273510009050369, -0.7174210548400879]","[2.0, 0.0, 8.0, 0.0, 4.0]","[0.862866997718811, 0.9722222089767456, 0.7453559637069702, 0.952769935131073, 0.6372659206390381]","[0.6151806712150574, -0.16963183879852295, 0.39963266253471375, -2.715198040008545, 0.6115335822105408, 0.030082862824201584, 0.6031211614608765, 0.060994163155555725, 0.5642848014831543, 0.46779346466064453, -0.038552381098270416, 0.46077194809913635, -2.7735755443573, 0.48530450463294983, 0.41402894258499146, 0.49361634254455566, 0.01759747602045536, 0.47301530838012695, 0.6423293352127075, -1.969801425933838, 0.6812015771865845, 0.5672751665115356, 0.7581689357757568, -0.9287903308868408, 0.7402496337890625, -1.1981167793273926, 0.7074839472770691, 0.7111298441886902, -1.7259392738342285, 0.8067134618759155, 0.45834454894065857, 0.8168788552284241, -0.7549273371696472, 0.7713999152183533, -1.5989667177200317, 0.5153667330741882, 0.8130241632461548, -1.1354272365570068, 0.8611830472946167, -2.0418436527252197, 0.7592124342918396, -0.6267799139022827, 0.7080214023590088, -0.14248713850975037, 0.8050969839096069]","[1.0625584125518799, -0.8696723580360413, 0.05823929235339165, -1.7120764255523682, 1.0088293552398682, -0.9455727934837341, 0.9878925681114197, -0.5723689198493958, 0.9821707606315613, 0.576324462890625, -1.0927103757858276, 1.0091506242752075, -2.0613839626312256, 0.6876710057258606, -0.04382871463894844, 0.8922697305679321, -0.6673617362976074, 0.6998688578605652, 0.6777756810188293, -1.4717395305633545, 0.3221861720085144, -0.2673097252845764, 1.2973487377166748, -1.3145290613174438, 1.0688612461090088, -1.049863338470459, 0.7372696995735168, 0.4743853807449341, -1.4676345586776733, 0.996372401714325, -0.006616069469600916, 1.6298331022262573, -1.1968727111816406, 0.7415887713432312, -0.9752105474472046, -0.195845827460289, 0.8704918622970581, -1.1989351511001587, 0.8567215204238892, -1.4086638689041138, 0.9738525152206421, -0.5746796727180481, 0.13634708523750305, -0.9958544373512268, 1.3407201766967773]","[97.22599792480469, 97.22599792480469, 97.22599792480469, 97.22599792480469, 97.5416030883789, 97.5416030883789, 97.481201171875, 97.45439910888672, 97.72160339355469, 97.78839874267578, 97.85399627685547, 97.72679901123047, 97.57759857177734, 97.61840057373047, 97.93240356445312, 97.93240356445312, 97.76280212402344, 97.76280212402344, 97.67559814453125, 97.67559814453125, 97.62239837646484, 97.6948013305664, 97.7384033203125, 97.71240234375, 97.67759704589844, 97.67759704589844, 98.10759735107422, 98.10600280761719, 97.72360229492188, 97.68199920654297, 97.57119750976562, 97.67400360107422, 97.75520324707031, 97.75520324707031, 97.70680236816406, 97.70680236816406, 97.51280212402344, 97.48680114746094, 97.7760009765625, 97.76439666748047, 97.54920196533203, 97.59880065917969, 97.77559661865234, 97.77559661865234, 97.75520324707031, 97.75520324707031, 97.77279663085938, 97.71199798583984, 97.8552017211914, 97.95480346679688]",1
b-10.mp4,"[-0.48002779483795166, -0.7881585359573364, 0.004293309058994055, 0.31554654240608215, 0.31554654240608215, 0.6269959211349487, -1.6125836372375488, -1.3013004064559937, 1.4598439931869507, 1.4598439931869507, -1.4348098039627075, -1.2183012962341309, 1.5953302383422852, 1.8225497007369995, 0.07053312659263611, -0.10219992697238922, 0.12772846221923828, 0.06600964069366455, -0.7131086587905884, -0.21373149752616882, 1.1167547702789307, 1.1167547702789307, -1.4436168670654297, -1.7276794910430908, 0.03131547197699547, 0.2707301080226898, 0.9108485579490662, 0.9108485579490662, -0.5929780006408691, -0.5929780006408691, -0.7996703386306763, 0.4114314615726471, 0.35514602065086365, -0.09549932926893234, -1.7687524557113647, -1.4468505382537842, 1.0790855884552002, 1.5548175573349, 0.35514602065086365, 0.35514602065086365, 0.6058117151260376, 0.7547115087509155, -1.3310147523880005, -1.3847850561141968, 1.4641085863113403, 0.8428742289543152, -1.267560362815857, 0.7547115087509155, -0.5712279081344604, 0.13237044215202332]","[45.0, 5.0, 5.0, 50.0, 50.0, 45.0, 45.0]","[-0.860231339931488, 0.6818062663078308, -0.8193528056144714, 0.006811574101448059, -0.8866162896156311, 0.34945034980773926, -0.9228639006614685, 2.3118183612823486, 0.13917773962020874, -0.49581068754196167, 1.534446120262146, -0.5126335620880127, 2.095247268676758, -0.7053462862968445, -0.02551082707941532, -0.71033775806427, -0.43545499444007874, -0.7445991039276123, -0.8570290803909302, 0.9742729663848877, -0.8980301022529602, 0.6961362957954407, -0.8963239192962646, 0.5221973657608032, -0.6972718834877014, 1.9554730653762817, -0.7994247078895569, -0.8979848623275757, 1.4846121072769165, -0.7867600917816162, 0.7421488165855408, -0.8621312379837036, 0.5070122480392456, -0.8614044189453125, 1.5309756994247437, -0.8564683198928833, -0.7472873330116272, 2.256974458694458, -0.6912432909011841, 0.8551779985427856, -0.6666359901428223, 0.6797218918800354, -0.6668814420700073, -0.14432910084724426, -0.8754969239234924]","[0.0, 0.0, 1.0, 0.0, 0.0]","[0.753778338432312, 0.8045976758003235, 0.5725836753845215, 1.0188325643539429, 1.3360627889633179]","[1.01362943649292, -0.8952516317367554, 0.9874661564826965, -0.5918272137641907, 1.0497431755065918, -0.4127846956253052, 1.078778862953186, -1.7944775819778442, -0.43527650833129883, 0.4277733266353607, -2.0169053077697754, 0.5528343915939331, -1.4715873003005981, 0.8335691690444946, -0.27139386534690857, 0.8403699994087219, 0.24258393049240112, 0.8627556562423706, 0.8333460688591003, -0.5947892665863037, 0.9217515587806702, -0.42216938734054565, 0.9053610563278198, -1.0115176439285278, 0.5796852707862854, -2.0219829082489014, 0.8103151917457581, 1.0542269945144653, -1.3276385068893433, 0.5663748383522034, -1.1972811222076416, 0.8859648704528809, -0.9156720042228699, 1.001918077468872, -0.9672699570655823, 0.8993767499923706, 0.8070899844169617, -1.9767799377441406, 0.8196324110031128, -0.856775164604187, 0.699798047542572, -1.1092000007629395, 0.701194703578949, 0.007675101514905691, 0.9073649048805237]","[0.8165046572685242, -0.8271097540855408, 0.7351073622703552, -0.5396212339401245, 1.0070362091064453, -1.0116108655929565, 1.7080504894256592, -1.1438965797424316, -0.7444603443145752, -0.09866911917924881, -1.3225972652435303, 0.09822449833154678, -1.387729287147522, 1.2555227279663086, -0.6538209915161133, 1.1234312057495117, -0.38862913846969604, 1.3742674589157104, 0.8268263339996338, -0.8008044362068176, 1.5755419731140137, -0.6771986484527588, 1.0143775939941406, -1.1861534118652344, -0.052633412182331085, -1.3625190258026123, 0.6625629663467407, 1.3636080026626587, -1.2896090745925903, 0.16788019239902496, -0.9788918495178223, 0.8388649225234985, -0.6823238134384155, 1.1272282600402832, -1.2484920024871826, 0.7017354965209961, 0.7685152292251587, -1.5772799253463745, 0.9494265913963318, -1.0172241926193237, 0.3997495770454407, -1.0863313674926758, 0.45294639468193054, -0.3999067544937134, 1.5101044178009033]","[31.855600357055664, 31.855600357055664, 31.783199310302734, 31.783199310302734, 31.871599197387695, 31.871599197387695, 31.912399291992188, 31.912399291992188, 31.91320037841797, 31.91320037841797, 33.0172004699707, 33.34600067138672, 37.86840057373047, 38.08359909057617, 38.61840057373047, 38.62839889526367, 38.607601165771484, 38.59040069580078, 38.63399887084961, 38.630001068115234, 38.4651985168457, 38.47159957885742, 38.44839859008789, 38.4379997253418, 38.25680160522461, 38.167999267578125, 37.985599517822266, 37.985599517822266, 37.09920120239258, 37.01919937133789, 37.23680114746094, 37.23680114746094, 37.00279998779297, 36.99720001220703, 35.46760177612305, 35.46760177612305, 36.02159881591797, 35.985599517822266, 35.806400299072266, 35.7848014831543, 35.30039978027344, 35.36159896850586, 35.49599838256836, 35.739200592041016, 35.47560119628906, 35.47560119628906, 35.04840087890625, 35.04840087890625, 35.09000015258789, 35.09000015258789]",0
t-14.mp4,"[0.42662444710731506, -0.20198091864585876, -1.1239734888076782, -1.9981732368469238, 1.5160048007965088, 0.8636890649795532, 0.6903870701789856, 0.6903870701789856, -0.7065557241439819, -0.15640908479690552, 0.5824910402297974, 0.3772059977054596, -0.15864549577236176, -0.15864549577236176, 0.8132259845733643, 0.8132259845733643, -2.216669797897339, -1.4687743186950684, 0.8968783020973206, 0.5197077989578247, 0.8023267388343811, 0.8846438527107239, 0.08623041212558746, -0.43518805503845215, -0.43518805503845215, -0.5593032240867615, 0.7363332509994507, -2.483893871307373, 0.4044750928878784, 0.9995639324188232, -0.5682414174079895, 0.014601755887269974, 0.5019099116325378, -0.08268698304891586, -0.530666708946228, -2.2460358142852783, 1.5874351263046265, 1.1810972690582275, 0.36003854870796204, -0.2174517810344696, -0.3312745988368988, 0.8573796153068542, 0.05650913715362549, -0.958028256893158, -1.2120178937911987, -1.0398551225662231, -0.8518023490905762, 0.3779827058315277, 1.609674334526062, 1.4914323091506958]","[45.0, 5.0, 5.0, 50.0, 50.0, 45.0, 45.0]","[-0.8169285655021667, 0.049211956560611725, -0.7732335329055786, 1.430713176727295, -0.7908633947372437, 1.2491313219070435, -0.9284183382987976, 1.4013183116912842, -0.8209310173988342, -0.7910829782485962, 0.9813171625137329, -0.8001598119735718, 0.2721325755119324, -0.6842058300971985, 2.119910955429077, -0.8096100687980652, 0.5761631727218628, -0.8644649982452393, -0.7804898023605347, 2.132664203643799, -0.7196856141090393, -0.000110314940684475, -0.8162586688995361, 1.316217303276062, -0.7083157896995544, 0.1968398541212082, -0.6208611130714417, -0.744999349117279, -0.4043205678462982, -0.7263670563697815, 1.6624765396118164, -0.7034077644348145, 1.7629356384277344, -0.6717208027839661, 0.5912619233131409, -0.7658585906028748, -0.702224850654602, 1.768297791481018, -0.8963379859924316, 1.3729864358901978, -0.870202898979187, 0.7067398428916931, -0.8281002044677734, 0.2708263099193573, -0.8219845294952393]","[0.0, 0.0, 0.0, 0.0, 0.0]","[0.6944444179534912, 0.7585068345069885, 0.7826230525970459, 0.9545157551765442, 0.8240220546722412]","[0.7863091230392456, -0.5728023052215576, 0.5973158478736877, -1.0148662328720093, 0.821466326713562, -1.7858250141143799, 1.1135770082473755, -0.8561429381370544, 0.9109682440757751, 0.8774295449256897, -1.5694859027862549, 0.8598397970199585, -0.6455942988395691, 0.657893717288971, -1.2043365240097046, 0.919917106628418, -0.9162773489952087, 1.0206139087677002, 1.043898344039917, -1.5205678939819336, 0.8688753843307495, -1.1505311727523804, 1.0757099390029907, -0.8421303033828735, 0.8150526285171509, -0.8331570625305176, 0.5428500771522522, 0.9445197582244873, -0.22905777394771576, 0.8406661152839661, -1.3828858137130737, 0.7555607557296753, -1.60952627658844, 0.6319199204444885, -0.9436793327331543, 0.9924826622009277, 0.5215122699737549, -1.2709561586380005, 1.0735794305801392, -0.9745599627494812, 1.0260770320892334, -1.3520746231079102, 0.9081650376319885, -0.772817075252533, 0.8410740494728088]","[0.45682692527770996, -0.6975777745246887, 0.8934577107429504, -1.1659338474273682, 0.605978786945343, -1.123835563659668, 1.5284252166748047, -1.2628332376480103, 0.765491783618927, 0.7345746159553528, -1.0870407819747925, 0.6210671663284302, -0.9033989310264587, 0.24045735597610474, -1.2807053327560425, 0.916857123374939, -0.895819365978241, 1.654008150100708, 1.2289772033691406, -1.513156533241272, 0.6294441819190979, -0.66916424036026, 1.2918645143508911, -1.3224636316299438, 0.7267010807991028, -0.5989000797271729, 0.22669753432273865, 1.0458701848983765, -0.35957273840904236, 0.9585280418395996, -1.2658125162124634, 0.34923967719078064, -1.345894694328308, 0.2434689849615097, -1.0764650106430054, 1.4506380558013916, 0.054936815053224564, -1.0681037902832031, 1.5840480327606201, -1.0283699035644531, 1.150566816329956, -1.1842280626296997, 0.667663037776947, -0.8304932713508606, 0.6539802551269531]","[66.44039916992188, 66.44039916992188, 66.06999969482422, 65.84880065917969, 65.77200317382812, 66.08000183105469, 67.28240203857422, 67.29039764404297, 67.24400329589844, 67.24400329589844, 68.07240295410156, 68.07240295410156, 67.90799713134766, 67.90799713134766, 68.04080200195312, 68.05359649658203, 66.99440002441406, 66.99440002441406, 68.55079650878906, 68.5647964477539, 68.81719970703125, 68.87519836425781, 67.5291976928711, 67.49639892578125, 68.283203125, 68.26399993896484, 68.03959655761719, 68.12359619140625, 67.42839813232422, 67.42839813232422, 67.53119659423828, 67.53119659423828, 67.51239776611328, 67.51239776611328, 68.1052017211914, 68.1052017211914, 68.089599609375, 68.09880065917969, 68.2947998046875, 68.33599853515625, 67.95159912109375, 67.9375991821289, 68.65239715576172, 68.66079711914062, 68.65679931640625, 68.65679931640625, 67.93360137939453, 67.99520111083984, 67.82879638671875, 67.82879638671875]",0
t-00.mp4,"[1.3007475137710571, 0.10926316678524017, -1.081294059753418, 0.34417882561683655, 1.3007475137710571, 1.3007475137710571, -0.4336369037628174, -1.4795156717300415, -1.081294059753418, -0.27994388341903687, 0.3737349808216095, 0.5370985269546509, -0.6022836565971375, -0.7311235666275024, 0.9376445412635803, 1.8929938077926636, 0.22898681461811066, 0.22898681461811066, -1.4330190420150757, -1.4330190420150757, -0.5961775779724121, -1.1615514755249023, -1.4439282417297363, -1.4439282417297363, 0.5804439783096313, 1.1039131879806519, 0.8202172517776489, 0.2532123923301697, 0.7838853597640991, 1.1039131879806519, -0.9498664140701294, -0.9915307760238647, -1.5408424139022827, -1.021341323852539, 1.0488349199295044, 0.5490227341651917, 0.10034250468015671, 0.5490227341651917, 1.5965462923049927, 0.6598119139671326, -0.1460815966129303, 0.4661131799221039, -0.8382412791252136, -1.5192136764526367, 2.388815402984619, 0.4661131799221039, -0.22448313236236572, -0.7580044269561768, -0.22448313236236572, 0.3894655704498291]","[45.0, 5.0, 5.0, 50.0, 50.0, 45.0, 45.0]","[-1.1383099555969238, 1.7885591983795166, -0.7820316553115845, 0.37958693504333496, -0.9793434739112854, 0.681499183177948, -0.21468544006347656, 1.1918346881866455, -0.9271095991134644, -0.7263814806938171, 1.3673368692398071, -0.260883092880249, 0.2101566344499588, -1.2358245849609375, 0.5340842604637146, -0.860227108001709, 1.8022842407226562, -0.8305457234382629, -0.7329612970352173, 0.7854174375534058, -0.7237778306007385, 0.38171374797821045, -0.9386140704154968, 2.3702094554901123, -0.6248316168785095, 0.018278807401657104, -0.5354344248771667, -0.893821656703949, 1.8133703470230103, -0.6442121863365173, 1.42087721824646, -1.0111513137817383, 0.022110505029559135, -0.3875656723976135, 0.6322417259216309, -0.9518490433692932, -1.114152193069458, 0.37927573919296265, -0.9885937571525574, 1.5068821907043457, -0.5257871150970459, 1.0322792530059814, -0.9643564224243164, 1.3034882545471191, -0.6290359497070312]","[0.0, 0.0, 0.0, 0.0, 0.0]","[0.8333333134651184, 0.7027283906936646, 0.8695819973945618, 0.8333333134651184, 1.1211212873458862]","[1.1396015882492065, -1.3536350727081299, 0.8742778897285461, -0.7210383415222168, 0.988146960735321, -0.5350693464279175, 0.16636069118976593, -1.5319736003875732, 0.9733291864395142, 0.7480762004852295, -1.4701491594314575, 0.38611555099487305, -0.18556328117847443, 1.1269348859786987, -0.9388026595115662, 0.9156273603439331, -1.5027954578399658, 0.9205564856529236, 0.9872716665267944, -0.7545738816261292, 0.7223721146583557, -1.4073615074157715, 1.433951497077942, -1.3287473917007446, 0.29807618260383606, -0.6971548795700073, 0.7461662292480469, 0.844895601272583, -1.4347134828567505, 0.7450058460235596, -1.1981863975524902, 1.0737992525100708, -0.04318121820688248, 0.41759780049324036, -1.3912353515625, 0.9860179424285889, 1.0830471515655518, -0.29279616475105286, 1.0112919807434082, -1.025457501411438, 0.46110478043556213, -1.556782841682434, 0.9911478161811829, -1.290488839149475, 0.6189336776733398]","[2.026235342025757, -1.298242211341858, 0.6356054544448853, -0.661558985710144, 0.45673397183418274, -0.8545023798942566, -0.12070795893669128, -0.9275699853897095, 0.7440069317817688, 0.4411686956882477, -0.9748693704605103, -0.2642557919025421, -0.6124112010002136, 2.1200063228607178, -0.7165429592132568, 0.5802195072174072, -1.2616604566574097, 0.6883453726768494, 0.46066105365753174, -1.0462783575057983, 0.9520720839500427, -1.2175109386444092, 1.7951329946517944, -1.272076964378357, 0.3750315010547638, -0.4246898889541626, 0.3776586353778839, 0.7213721871376038, -1.5646355152130127, 0.4683222770690918, -0.8949047327041626, 1.7821122407913208, -0.49907559156417847, 0.15034343302249908, -0.9622166156768799, 0.7986823320388794, 1.4234192371368408, -0.3085460960865021, 1.002508521080017, -1.325817584991455, 0.028932485729455948, -1.134570837020874, 1.2355738878250122, -1.1227729320526123, 0.20127339661121368]","[141.2595977783203, 141.2595977783203, 141.1739959716797, 141.17520141601562, 140.5467987060547, 140.5467987060547, 140.20440673828125, 140.20440673828125, 141.2008056640625, 141.20199584960938, 141.18800354003906, 141.18800354003906, 140.77879333496094, 140.77879333496094, 140.7239990234375, 140.7239990234375, 140.4311981201172, 140.4311981201172, 140.4416046142578, 140.42320251464844, 140.86239624023438, 140.86239624023438, 141.02520751953125, 141.4243927001953, 141.4243927001953, 141.4243927001953, 141.4243927001953, 141.07000732421875, 141.07000732421875, 141.07000732421875, 141.21240234375, 141.21240234375, 141.21240234375, 141.21240234375, 140.764404296875, 140.764404296875, 140.78799438476562, 140.78799438476562, 140.60079956054688, 140.61439514160156, 140.66839599609375, 140.66839599609375, 141.2451934814453, 141.2451934814453, 141.00999450683594, 140.86399841308594, 140.5124053955078, 140.7008056640625, 140.73480224609375, 140.73480224609375]",1
t-01.mp4,"[2.0042037963867188, 1.0928624868392944, -0.6907331347465515, -1.534023642539978, 0.48391804099082947, 0.6215899586677551, -1.0043336153030396, -0.41883552074432373, -0.27732428908348083, -0.27732428908348083, 1.1041259765625, 1.1041259765625, -1.7602260112762451, -0.8701581954956055, 0.21718040108680725, 0.021072708070278168, 0.6058118343353271, 0.9133710265159607, 0.21718040108680725, -1.5524842739105225, -0.7716347575187683, 0.788714587688446, -0.6138026714324951, 0.16139285266399384, -1.2510292530059814, -1.5129605531692505, 0.5348904728889465, -0.22931884229183197, 1.4468740224838257, 1.4468740224838257, -2.9312591552734375, 0.07614520192146301, 0.25386950373649597, 0.25386950373649597, 0.1669500321149826, 0.07614520192146301, 0.3447999656200409, 0.3435367941856384, 0.7074030041694641, 0.7085399031639099, 0.42864176630973816, 0.42739972472190857, 0.42739972472190857, 0.42739972472190857, -2.97387433052063, -0.030795900151133537, 0.355838805437088, 0.26449063420295715, 0.3367499113082886, 0.3367499113082886]","[45.0, 5.0, 5.0, 50.0, 50.0, 45.0, 45.0]","[-0.6780298352241516, -0.38384535908699036, -0.6297935247421265, 2.1885902881622314, -0.6667770743370056, 1.4330965280532837, -0.5920451283454895, -0.0784556195139885, -0.5927402973175049, -0.8421220183372498, 1.195010781288147, -0.8961675763130188, 1.2633352279663086, -0.9939725399017334, 1.3728458881378174, -0.622187614440918, 0.49993810057640076, -0.9766803979873657, -0.7530413269996643, 2.217337131500244, -0.6793515682220459, 0.1041063740849495, -0.7068198323249817, -0.25789928436279297, -0.6779851913452148, 1.3080143928527832, -0.5543606877326965, -0.5819247364997864, 1.918216586112976, -0.7516704797744751, 1.2263349294662476, -0.8723880648612976, 0.08055350929498672, -0.9046470522880554, 0.7552940845489502, -0.8697687983512878, -0.9971229434013367, 1.0953195095062256, -0.43229055404663086, 1.5226917266845703, -0.9298740029335022, 0.9976056814193726, -0.9702266454696655, 0.7108824253082275, -0.9969852566719055]","[0.0, 0.0, 1.0, 4.0, 2.0]","[0.9578262567520142, 1.089534044265747, 1.089534044265747, 0.6363961100578308, 1.0606601238250732]","[0.7247816920280457, 0.38451799750328064, 0.6788613796234131, -1.9941836595535278, 0.6865601539611816, -1.6216979026794434, 0.5834690928459167, -0.1032547876238823, 0.6609460115432739, 0.8839746117591858, -0.968540608882904, 0.911048173904419, -1.5832549333572388, 0.9313618540763855, -1.3076153993606567, 0.6049807071685791, -0.39214110374450684, 0.9201867580413818, 1.0194966793060303, -1.1839150190353394, 0.8416168093681335, -1.0274648666381836, 0.9362111687660217, -0.283780038356781, 0.8290714621543884, -1.6860508918762207, 0.5548146963119507, 0.6605559587478638, -1.8251073360443115, 0.6928901076316833, -1.279308557510376, 0.8711488842964172, -0.15812620520591736, 0.9190940856933594, -0.8008701205253601, 0.9197232127189636, 0.9739769101142883, -1.6436738967895508, 0.4296819269657135, -1.1937448978424072, 0.913023054599762, -0.635758101940155, 0.9796547293663025, -0.7853339314460754, 0.9621742367744446]","[1.2119011878967285, -0.2452564388513565, 0.7984389662742615, -1.584032416343689, 1.2126152515411377, -1.402071475982666, 0.2681698501110077, -0.7554171085357666, 0.4956521987915039, 0.7948744297027588, -1.2055102586746216, 0.9932830929756165, -1.1926473379135132, 1.3193552494049072, -1.0121263265609741, -0.12159819155931473, -0.6922410130500793, 1.1166104078292847, 1.6298145055770874, -1.2759692668914795, 0.4242651164531708, -0.989335298538208, 1.0754337310791016, -0.2252792865037918, 0.7984240651130676, -1.3013601303100586, -0.13599355518817902, 0.24032378196716309, -1.265099287033081, 0.28844207525253296, -1.291542649269104, 0.6839964985847473, -0.5544280409812927, 1.2772258520126343, -0.9123793840408325, 1.5334612131118774, 1.2649269104003906, -1.1539909839630127, -0.40370240807533264, -1.1292641162872314, 0.8400275707244873, -0.702973484992981, 1.1836210489273071, -0.9553387761116028, 1.0566941499710083]","[35.355201721191406, 35.355201721191406, 35.355201721191406, 35.355201721191406, 35.6343994140625, 35.68000030517578, 35.6515998840332, 35.6515998840332, 35.6515998840332, 35.6515998840332, 35.168399810791016, 35.168399810791016, 35.17959976196289, 35.17959976196289, 34.847599029541016, 34.847599029541016, 35.872798919677734, 35.872798919677734, 35.872798919677734, 35.872798919677734, 35.6963996887207, 35.6963996887207, 35.6963996887207, 35.6963996887207, 35.27360153198242, 35.290000915527344, 35.25199890136719, 35.22760009765625, 35.22760009765625, 35.22760009765625, 35.082000732421875, 35.082000732421875, 35.07640075683594, 35.07640075683594, 35.06439971923828, 35.07279968261719, 35.23680114746094, 35.23680114746094, 35.351200103759766, 35.351200103759766, 35.664398193359375, 35.664398193359375, 34.82680130004883, 34.82680130004883, 34.82680130004883, 34.82680130004883, 34.8380012512207, 34.8380012512207, 34.81719970703125, 34.81719970703125]",1
t-15.mp4,"[1.3814456462860107, 1.3787037134170532, 0.8779093027114868, 0.8779093027114868, -1.344372034072876, -1.344372034072876, -0.6454294323921204, -0.6748583316802979, -0.12278301268815994, -0.38415294885635376, -1.6092838048934937, -1.6521509885787964, 0.657105565071106, 0.9465674757957458, 0.9561136960983276, 0.9465674757957458, 0.3747100234031677, 0.6960508227348328, -0.8195191621780396, -0.4961611330509186, -0.8910855650901794, -0.8910855650901794, 0.13600897789001465, 0.32635828852653503, 1.0818877220153809, 1.0818877220153809, 0.8913795351982117, 1.0818877220153809, -1.4876965284347534, -1.3295423984527588, -2.0619406700134277, -1.8865079879760742, 0.7322481870651245, 0.7322481870651245, 0.5634490847587585, 0.38185200095176697, 0.38185200095176697, 0.38185200095176697, 0.21149800717830658, 0.5634490847587585, -0.7385742664337158, -1.3920714855194092, -0.8204231262207031, -0.8204231262207031, -0.7385742664337158, 0.6639513373374939, 0.3879787027835846, 0.43129900097846985, 1.1482369899749756, 1.8786002397537231]","[45.0, 5.0, 5.0, 50.0, 50.0, 45.0, 45.0]","[-0.7324457168579102, 0.38080352544784546, -0.3741697371006012, 2.4934868812561035, -0.8043109774589539, 0.436796098947525, -0.7955854535102844, 0.08989495784044266, -0.6944695115089417, -0.895272970199585, 0.4733982980251312, -0.6101039052009583, 1.1181329488754272, -0.8979076743125916, 0.4049514830112457, -0.745999813079834, 2.0187456607818604, -0.8659439086914062, -0.6600518226623535, 1.463580846786499, -0.7721353769302368, 0.550828218460083, -0.9024854302406311, 0.08047987520694733, -0.7914148569107056, 1.8467036485671997, -0.8155052661895752, -0.8165789842605591, 2.176750421524048, -0.7045576572418213, 1.2161279916763306, -0.6164747476577759, -0.1904320865869522, -0.7419773936271667, 0.38658303022384644, -0.7094404697418213, -0.6687160134315491, -0.11237473785877228, -0.8819431066513062, 0.5281414985656738, -0.6759416460990906, 0.46989402174949646, -0.8437878489494324, 2.453841209411621, -0.26911333203315735]","[0.0, 1.0, 0.0, 0.0, 0.0]","[0.8888888955116272, 0.7881104350090027, 1.0101009607315063, 0.8844774961471558, 0.8908708095550537]","[0.9769716262817383, -0.6641132831573486, 0.17835131287574768, -1.5540860891342163, 1.0913949012756348, -1.0918192863464355, 1.052512526512146, -0.907413125038147, 0.9182014465332031, 0.8737131953239441, -0.5947386622428894, 0.541240930557251, -1.697955846786499, 0.8356804847717285, -0.41139042377471924, 0.8330483436584473, -1.4294147491455078, 1.0498167276382446, 0.908476710319519, -1.2360763549804688, 0.8939316868782043, -0.7133422493934631, 0.9953523278236389, -0.7332096099853516, 0.6856307983398438, -1.629159688949585, 0.8283964395523071, 0.9523909687995911, -1.5189653635025024, 0.8278417587280273, -1.657731294631958, 0.6648174524307251, 0.06168871000409126, 0.79765385389328, -0.8582371473312378, 0.7305410504341125, 0.7861232161521912, 0.20793229341506958, 0.9607123732566833, -0.8756955862045288, 0.7752587199211121, -0.9468942284584045, 0.9415152668952942, -2.0548665523529053, 0.2059146612882614]","[0.820024311542511, -1.145582675933838, 0.8074433207511902, -1.7907629013061523, 1.0640678405761719, -0.8580345511436462, 0.81199711561203, -0.3960118293762207, 0.6868593692779541, 0.4194939136505127, 0.14897064864635468, 0.20279653370380402, -1.6776628494262695, 0.23003730177879333, -0.5390166640281677, 0.8757932186126709, -1.3758488893508911, 1.7154368162155151, 0.6637387275695801, -1.1725916862487793, 2.1218273639678955, -0.5955635905265808, 0.780915379524231, -0.6600673794746399, 0.02255214937031269, -1.1317063570022583, -0.02910451404750347, 1.2717427015304565, -1.4161208868026733, 0.9624637365341187, -1.8439258337020874, 0.46946606040000916, 0.005303024780005217, 0.5779156684875488, -0.5114684700965881, 0.48462387919425964, 0.5492470264434814, -0.2685534954071045, 0.8074735999107361, -0.5633308291435242, 0.7007654309272766, -0.3127724528312683, 0.7886340022087097, -2.4316365718841553, 0.7301732301712036]","[73.98999786376953, 73.98999786376953, 73.98999786376953, 74.22200012207031, 74.30000305175781, 74.30000305175781, 75.02839660644531, 75.02839660644531, 75.07879638671875, 75.07879638671875, 75.07879638671875, 75.10399627685547, 75.3832015991211, 75.38520050048828, 75.29280090332031, 75.29280090332031, 75.29280090332031, 75.29280090332031, 75.0780029296875, 75.0780029296875, 75.17839813232422, 75.18280029296875, 75.12999725341797, 75.12999725341797, 75.11160278320312, 75.11160278320312, 74.79319763183594, 74.79319763183594, 74.88800048828125, 74.88800048828125, 74.91999816894531, 74.90160369873047, 75.29720306396484, 75.29720306396484, 75.05079650878906, 75.05079650878906, 75.07720184326172, 75.07720184326172, 75.06999969482422, 75.06999969482422, 75.33679962158203, 75.33679962158203, 75.33679962158203, 75.33679962158203, 75.64520263671875, 75.64520263671875, 75.37640380859375, 75.3855972290039, 75.23799896240234, 75.26119995117188]",0
b-05.mp4,"[-0.32937657833099365, -0.32937657833099365, 1.1398073434829712, 1.4746334552764893, -1.4679412841796875, -1.4679412841796875, 0.7111061215400696, 1.0794943571090698, -0.41651591658592224, -0.3938896656036377, 0.7822057008743286, -0.024956008419394493, -0.024956008419394493, -0.024956008419394493, -0.024956008419394493, -0.024956008419394493, -0.024956008419394493, 2.2725989818573, -1.4525343179702759, -1.4525343179702759, 1.2739570140838623, 1.6435341835021973, -1.288222074508667, -1.3126039505004883, 0.2526583969593048, -0.4397641718387604, -0.5200091600418091, -0.8509999513626099, 0.2526583969593048, 0.988791286945343, -0.4161945879459381, -0.4161945879459381, -1.0626897811889648, 0.04419560730457306, 0.193565234541893, -0.9004063010215759, 1.2289996147155762, 2.3049821853637695, -0.9206675291061401, -0.05558990314602852, 0.4041888415813446, 2.1174874305725098, 0.39516812562942505, -1.656120777130127, -1.1333504915237427, -0.9571781158447266, 0.39516812562942505, 0.2958393096923828, 0.06939882040023804, 0.06939882040023804]","[45.0, 5.0, 5.0, 50.0, 50.0, 45.0, 45.0]","[-0.8241769671440125, 0.19688820838928223, -0.7154439687728882, -0.2555393576622009, -0.7960879802703857, 1.6982535123825073, -0.5975351929664612, 1.870173454284668, -0.576531708240509, -0.7812802195549011, 1.6821812391281128, -0.7959126830101013, 0.17466957867145538, -0.7480272054672241, 1.7319645881652832, -0.7076032161712646, 0.30568572878837585, -0.8616779446601868, -0.9408206939697266, 1.6229851245880127, -0.9623578190803528, 1.138834834098816, -0.7651656866073608, 0.8862534761428833, -0.8136954307556152, 0.6950867772102356, -0.8611207604408264, -0.8105037808418274, 0.3428647816181183, -0.7227051258087158, 2.2233996391296387, -0.7948545217514038, 0.2065439224243164, -0.6723798513412476, 1.0102719068527222, -0.7826369404792786, -0.5864920020103455, 1.5298759937286377, -0.9184013605117798, 0.49874839186668396, -0.8166355490684509, 0.06386959552764893, -0.8431631326675415, 1.8141041994094849, -0.7419061064720154]","[0.0, 0.0, 0.0, 2.0, 2.0]","[0.788959264755249, 1.1111111640930176, 0.6356417536735535, 1.005037784576416, 1.1111111640930176]","[0.8446044921875, -0.2595979869365692, 0.7855790257453918, 0.2948264181613922, 0.8195988535881042, -1.847356915473938, 0.5553370714187622, -1.694382667541504, 0.501391589641571, 0.8036788105964661, -2.0086543560028076, 0.8173332214355469, -0.27346208691596985, 0.7592843174934387, -1.2945195436477661, 0.6990743279457092, -0.34800735116004944, 0.8452725410461426, 0.8952100872993469, -1.352631688117981, 0.9410772323608398, -1.4431880712509155, 0.7527720332145691, -1.1220308542251587, 0.8429901599884033, -0.36796578764915466, 0.853766918182373, 0.9632643461227417, -0.582180380821228, 0.8313352465629578, -1.5295768976211548, 0.9467757940292358, -0.7433778643608093, 0.6041345000267029, -1.4216772317886353, 0.9313024878501892, 0.6540942192077637, -1.4100922346115112, 1.0149097442626953, -1.0294121503829956, 0.8152212500572205, -0.4701232314109802, 0.9718548655509949, -1.3945337533950806, 0.8480812311172485]","[1.8144971132278442, -0.5001740455627441, 0.7787322402000427, -0.24476933479309082, 1.179103136062622, -1.313718318939209, -0.18273112177848816, -1.2500684261322021, -0.28087130188941956, 0.9492768049240112, -1.4196134805679321, 1.0791232585906982, -0.8483035564422607, 0.6211094260215759, -1.221726894378662, 0.42184382677078247, -0.8046634197235107, 1.2229540348052979, 0.9265995621681213, -1.164412498474121, 1.6164019107818604, -1.1060032844543457, 0.1249881461262703, -1.0491865873336792, 0.6829781532287598, -0.8421791791915894, 0.8108137845993042, 1.532239556312561, -0.7337080836296082, 0.5207575559616089, -1.282004475593567, 1.0774766206741333, -0.8667711019515991, -0.08729436993598938, -1.1448689699172974, 0.9841732382774353, 0.09899216145277023, -1.045820713043213, 1.771426796913147, -0.9179815649986267, 0.18274672329425812, -0.7309541702270508, 1.286643147468567, -1.184103012084961, 0.5390506386756897]","[43.89759826660156, 43.89759826660156, 43.193599700927734, 43.193599700927734, 43.20439910888672, 43.20439910888672, 43.15480041503906, 43.232398986816406, 43.41279983520508, 43.51639938354492, 42.507198333740234, 42.5723991394043, 42.46760177612305, 42.560001373291016, 42.055599212646484, 42.055599212646484, 41.52920150756836, 41.52920150756836, 41.5968017578125, 41.5968017578125, 42.59640121459961, 42.59640121459961, 43.152000427246094, 43.27320098876953, 43.06119918823242, 43.12919998168945, 42.88119888305664, 42.924800872802734, 42.35559844970703, 42.18199920654297, 42.32320022583008, 42.200801849365234, 41.86000061035156, 41.985599517822266, 41.305999755859375, 41.36439895629883, 41.23080062866211, 41.29999923706055, 41.325599670410156, 41.29199981689453, 39.857200622558594, 40.18239974975586, 41.417198181152344, 41.43000030517578, 41.00559997558594, 41.00559997558594, 41.63959884643555, 41.70159912109375, 41.66279983520508, 41.47159957885742]",1
b-11.mp4,"[-0.7645984292030334, -0.715242326259613, -1.1611762046813965, -1.509313941001892, 1.5477633476257324, 1.2613757848739624, 0.2771225869655609, -0.36635684967041016, 0.5467710494995117, 0.8836548924446106, -1.2586644887924194, -1.2586644887924194, -1.1312028169631958, -0.3566296100616455, -0.18938595056533813, -0.18938595056533813, 0.6808490753173828, 1.3556839227676392, 0.7887256741523743, 1.5586745738983154, 0.20905905961990356, 0.20905905961990356, -0.3720952570438385, -0.6455098986625671, -0.3720952570438385, -0.3720952570438385, 1.5144578218460083, 2.06276798248291, -0.979701042175293, -1.2538471221923828, -1.074721336364746, -1.027391791343689, -0.5573801398277283, -0.5969220399856567, 1.4204210042953491, 1.4443038702011108, 0.8739944696426392, 0.8843753933906555, -1.2024493217468262, -0.1642300933599472, -0.48463380336761475, -0.48463380336761475, -1.1865274906158447, -1.532667636871338, -0.13862521946430206, -0.12677831947803497, 1.6380088329315186, 1.691100001335144, 0.31237876415252686, 0.31237876415252686]","[45.0, 5.0, 5.0, 50.0, 50.0, 45.0, 45.0]","[-0.6896160244941711, 0.1398618072271347, -0.8289703130722046, 2.166801929473877, -0.7260860800743103, 0.9837986826896667, -0.7716361284255981, 0.5681120753288269, -0.8422658443450928, -0.7085559964179993, -0.29523932933807373, -0.6524025201797485, 2.298933744430542, -0.7265471816062927, 1.1794545650482178, -0.6596508026123047, 0.13618561625480652, -0.5721779465675354, -0.7715192437171936, 0.5648077726364136, -0.8558312058448792, 1.3372055292129517, -0.8719698786735535, 1.7927467823028564, -0.8159308433532715, 0.46337461471557617, -0.8428835868835449, -0.6921591758728027, 0.12311279773712158, -0.5015670657157898, 2.6360244750976562, -0.6358797550201416, 0.044132672250270844, -0.6942353844642639, 0.29518258571624756, -0.574611246585846, -0.7540978193283081, 1.0708214044570923, -0.9710224270820618, 1.354910969734192, -0.75901859998703, 1.5611650943756104, -0.899777352809906, 0.19914467632770538, -0.8021259903907776]","[1.0, 0.0, 0.0, 4.0, 6.0]","[0.8395662903785706, 0.5461546182632446, 1.0774410963058472, 0.6206991076469421, 0.8316168785095215]","[0.7853409051895142, -0.44912829995155334, 0.886604368686676, -1.807604193687439, 0.7810001373291016, -1.1845405101776123, 0.835337221622467, -0.7617871761322021, 0.9147775769233704, 0.729015588760376, 0.2564563751220703, 0.6835671067237854, -2.1191234588623047, 0.7296112179756165, -1.4044325351715088, 0.6980468034744263, -0.21182458102703094, 0.6386833786964417, 0.8122000098228455, -0.7870851159095764, 0.8800126910209656, -1.309327244758606, 0.8885898590087891, -1.6329543590545654, 0.8457225561141968, -0.5609109997749329, 0.863752543926239, 0.8156996369361877, -0.3627069592475891, 0.6243187785148621, -2.3228964805603027, 0.7727864980697632, -0.3094745874404907, 0.8167082667350769, -0.7441554069519043, 0.7097201943397522, 0.7909111976623535, -1.2698051929473877, 0.9006679654121399, -1.4557762145996094, 0.7955905795097351, -1.325737476348877, 0.8589702844619751, -0.12414631992578506, 0.829325258731842]","[0.7017880082130432, -0.793583333492279, 0.9861019849777222, -1.41965651512146, 0.6709140539169312, -1.0768656730651855, 0.942554235458374, -1.0991665124893188, 1.0879137516021729, 1.1593453884124756, -0.5266245603561401, 0.5404407978057861, -1.505968451499939, 1.4090756177902222, -1.3325084447860718, 0.7037718296051025, -0.7044205665588379, 0.256888210773468, 0.6891524195671082, -0.9669584035873413, 1.0322469472885132, -1.2712420225143433, 1.0111018419265747, -1.248537302017212, 0.7044658660888672, -0.9316153526306152, 0.981386125087738, 1.373589038848877, -0.7549313902854919, 0.1987505555152893, -1.5916874408721924, 0.7077149748802185, -0.7659416794776917, 1.3907897472381592, -0.9087042808532715, 0.3504205346107483, 0.49522465467453003, -1.2130794525146484, 1.4701733589172363, -1.2027443647384644, 0.5573384761810303, -1.1632031202316284, 0.9795390963554382, -0.6858747005462646, 0.762626051902771]","[110.7615966796875, 110.79239654541016, 110.9468002319336, 110.9468002319336, 111.2040023803711, 111.19920349121094, 111.32720184326172, 111.51480102539062, 111.53759765625, 111.53759765625, 111.48880004882812, 111.48880004882812, 111.47840118408203, 111.47840118408203, 111.40440368652344, 111.40440368652344, 111.42040252685547, 111.42040252685547, 111.42040252685547, 111.42040252685547, 111.62079620361328, 111.65599822998047, 111.40879821777344, 111.40879821777344, 111.42520141601562, 111.42520141601562, 111.14920043945312, 111.14920043945312, 111.14920043945312, 111.14920043945312, 111.14920043945312, 111.14920043945312, 111.1259994506836, 111.1259994506836, 111.2155990600586, 111.2155990600586, 111.2155990600586, 111.2155990600586, 111.2155990600586, 111.2155990600586, 111.71040344238281, 111.71040344238281, 111.71040344238281, 111.71040344238281, 111.71040344238281, 111.71040344238281, 111.71040344238281, 111.71040344238281, 111.71040344238281, 111.71040344238281]",0
